================================================================
KNN (Feature 12, TestSet 1)
================================================================
[        nan  0.54310345  0.70689655  0.20689655  0.45402299  0.096875
  0.45114943  0.16666667  0.59195402  0.48275862  0.5       ]
================================================================
KNN (Feature 12, TestSet 2)
================================================================
[        nan  0.54885057  0.68390805  0.13218391  0.43390805  0.43125
  0.55172414  0.20977011  0.52586207  0.52586207  0.42241379]
================================================================
KNN (Feature 12, TestSet 3)
================================================================
[        nan  0.62356322  0.76149425  0.25574713  0.63218391  0.590625
  0.50287356  0.08333333  0.48850575  0.54310345  0.37356322]
================================================================
KNN (Feature 12, TestSet 4)
================================================================
[        nan  0.36494253  0.77298851  0.27298851  0.49137931  0.521875
  0.52873563  0.10632184  0.45689655  0.43678161  0.42816092]
================================================================
KNN (Feature 12, TestSet 5)
================================================================
[        nan  0.43678161  0.49712644  0.26724138  0.57758621  0.5125
  0.61206897  0.13505747  0.49712644  0.49712644  0.45689655]
================================================================
KNN (Feature 18, TestSet 1)
================================================================
[        nan  0.81871345  0.79824561  0.35087719  0.61403509  0.24203822
  0.64619883  0.20467836  0.74561404  0.64619883  0.61403509]
================================================================
KNN (Feature 18, TestSet 2)
================================================================
[        nan  0.73391813  0.74561404  0.14035088  0.59356725  0.59872611
  0.65497076  0.28654971  0.71637427  0.78654971  0.54385965]
================================================================
KNN (Feature 18, TestSet 3)
================================================================
[        nan  0.85087719  0.79532164  0.38304094  0.68421053  0.69745223
  0.64035088  0.12573099  0.71637427  0.67836257  0.53216374]
================================================================
KNN (Feature 18, TestSet 4)
================================================================
[        nan  0.53216374  0.83333333  0.28070175  0.62573099  0.61783439
  0.67836257  0.14619883  0.66959064  0.65204678  0.60526316]
================================================================
KNN (Feature 18, TestSet 5)
================================================================
[        nan  0.63157895  0.60233918  0.41520468  0.72222222  0.63694268
  0.79532164  0.19005848  0.64912281  0.67251462  0.65204678]
================================================================
KNN (Feature 24, TestSet 1)
================================================================
[        nan  0.91964286  0.86011905  0.46130952  0.69642857  0.32792208
  0.71428571  0.28571429  0.88392857  0.75892857  0.79761905]
================================================================
KNN (Feature 24, TestSet 2)
================================================================
[        nan  0.8125      0.75        0.16071429  0.65178571  0.72727273
  0.73511905  0.2797619   0.81845238  0.82440476  0.5922619 ]
================================================================
KNN (Feature 24, TestSet 3)
================================================================
[        nan  0.875       0.83333333  0.44047619  0.72619048  0.76298701
  0.7172619   0.13392857  0.81845238  0.77678571  0.61607143]
================================================================
KNN (Feature 24, TestSet 4)
================================================================
[        nan  0.69345238  0.86607143  0.39285714  0.625       0.6525974
  0.82440476  0.15178571  0.8125      0.77678571  0.76785714]
================================================================
KNN (Feature 24, TestSet 5)
================================================================
[        nan  0.80654762  0.62797619  0.50892857  0.77083333  0.66233766
  0.86011905  0.17857143  0.79761905  0.79464286  0.78869048]
================================================================
KNN (Feature 30, TestSet 1)
================================================================
[        nan  0.95151515  0.9         0.47878788  0.74545455  0.34768212
  0.80909091  0.37575758  0.93030303  0.80909091  0.82424242]
================================================================
KNN (Feature 30, TestSet 2)
================================================================
[        nan  0.85151515  0.76363636  0.16363636  0.68181818  0.79801325
  0.83030303  0.30606061  0.86666667  0.87272727  0.65757576]
================================================================
KNN (Feature 30, TestSet 3)
================================================================
[        nan  0.91212121  0.84545455  0.5         0.76969697  0.81788079
  0.80909091  0.15757576  0.88787879  0.88181818  0.6969697 ]
================================================================
KNN (Feature 30, TestSet 4)
================================================================
[        nan  0.75151515  0.88181818  0.59090909  0.64545455  0.67880795
  0.87575758  0.16969697  0.83333333  0.84242424  0.85454545]
================================================================
KNN (Feature 30, TestSet 5)
================================================================
[        nan  0.89090909  0.60606061  0.54848485  0.80909091  0.69205298
  0.92727273  0.23333333  0.92424242  0.9030303   0.86060606]
================================================================
KNN (Feature 36, TestSet 1)
================================================================
[        nan  0.97839506  0.92592593  0.57407407  0.79938272  0.39189189
  0.87654321  0.36111111  0.98148148  0.78703704  0.86111111]
================================================================
KNN (Feature 36, TestSet 2)
================================================================
[        nan  0.86111111  0.7345679   0.20061728  0.75617284  0.84121622
  0.91666667  0.30246914  0.91358025  0.89814815  0.75      ]
================================================================
KNN (Feature 36, TestSet 3)
================================================================
[        nan  0.94135802  0.9382716   0.60185185  0.84259259  0.83445946
  0.80555556  0.22222222  0.93209877  0.84876543  0.7191358 ]
================================================================
KNN (Feature 36, TestSet 4)
================================================================
[        nan  0.80246914  0.91975309  0.66975309  0.71604938  0.70608108
  0.90740741  0.15432099  0.87345679  0.87037037  0.89197531]
================================================================
KNN (Feature 36, TestSet 5)
================================================================
[        nan  0.96296296  0.62037037  0.59876543  0.7962963   0.77027027
  0.92592593  0.22530864  0.94135802  0.94753086  0.89814815]
