46
61
52
37
55
61
36
33
56
58
33
33
47
58
51
46
45
53
51
42
40
40
47
38
43
55
47
47
44
44
43
44
42
49
50
55
60
60
55
58
55
57
57
55
55
58
56
56
62
54
62
58
55
57
55
53
52
60
53
50
55
47
47
50
47
53
56
55
55
52
59
61
52
51
45
55
50
50
41
51
47
49
47
51
45
46
54
56
54
54
48
51
51
56
51
61
56
49
43
43
41
48
55
56
55
54
55
56
57
55
56
58
52
61
54
56
56
58
62
55
56
52
53
55
45
50
58
56
57
53
60
57
58
59
51
58
54
52
49
47
50
56
56
47
46
51
50
51
50
52
43
48
44
46
46
49
54
46
44
46
43
45
45
44
41
51
52
49
52
51
48
50
47
53
56
50
54
46
48
45
58
50
47
45
48
45
46
46
50
48
46
49
49
50
47
46
45
42
46
62
53
40
38
45
48
39
40
39
45
42
46
55
47
49
47
49
48
50
46
43
51
46
39
57
54
52
46
45
48
52
46
46
44
50
55
48
45
44
49
49
43
44
43
46
49
47
49
49
52
46
49
48
44
43
39
40
42
45
52
50
45
40
43
46
47
46
45
47
56
50
54
59
50
49
52
53
49
48
49
48
49
48
49
48
46
47
48
52
47
45
45
47
54
52
56
46
45
49
51
46
45
46
52
55
55
57
53
48
51
50
52
57
52
50
55
57
51
59
55
54
47
55
54
48
48
53
54
57
58
51
47
47
51
47
50
48
54
57
54
53
60
57
56
58
58
57
54
52
51
51
56
58
62
53
46
50
43
48
55
48
