50
58
58
34
52
59
36
34
54
63
33
38
47
59
48
40
40
47
44
35
38
39
40
39
43
51
48
45
44
44
43
43
44
51
52
55
58
61
54
59
57
57
57
56
56
57
54
56
63
54
56
58
57
56
55
53
53
60
54
49
54
46
48
50
46
54
61
56
55
52
57
57
61
52
42
54
49
46
47
49
54
56
48
54
52
45
53
56
56
58
54
53
53
52
50
52
57
54
58
54
54
57
55
55
56
54
56
62
56
55
55
57
53
53
54
55
55
57
56
59
57
52
55
58
49
51
57
55
55
53
53
60
58
54
54
56
55
54
48
47
50
52
57
51
49
51
49
49
52
48
42
49
44
43
51
51
51
45
42
45
45
46
45
43
45
44
53
50
50
53
49
47
47
54
52
49
54
47
51
45
55
50
50
47
45
43
41
45
41
38
53
51
54
50
47
47
44
38
42
48
53
43
43
45
46
39
42
38
45
43
46
49
47
55
48
46
54
44
47
43
52
41
40
55
52
53
49
45
50
46
48
46
43
52
51
46
45
54
57
48
42
45
48
47
47
50
47
47
55
52
51
44
45
47
41
40
41
42
40
54
53
39
43
44
49
48
44
50
55
50
51
55
50
39
43
56
48
48
48
49
49
46
40
51
48
48
50
55
46
47
46
49
52
50
47
52
47
50
50
48
44
48
50
61
52
51
52
52
51
52
57
57
48
54
52
55
51
56
57
53
52
52
50
47
53
50
57
58
55
48
48
49
48
52
50
47
56
55
53
53
56
60
59
60
55
57
57
47
48
57
56
59
54
55
49
44
44
49
51
48
