54
55
49
42
55
48
40
38
37
36
46
49
41
43
39
42
41
43
40
47
41
40
41
44
43
41
43
40
46
45
41
43
47
42
40
50
46
48
37
33
33
40
39
39
45
49
54
59
52
48
33
50
45
53
43
49
43
52
53
59
49
45
45
50
49
59
60
50
53
53
59
56
56
54
57
47
47
56
43
43
50
45
59
48
48
57
50
55
52
55
55
46
55
59
52
50
49
47
48
43
47
43
46
45
47
49
44
46
43
50
45
45
43
50
50
45
39
50
43
45
46
45
50
49
56
55
50
53
38
45
49
46
50
40
43
41
42
49
42
38
51
41
43
39
41
51
51
51
50
54
48
41
44
38
40
37
45
36
35
43
38
39
42
37
51
45
46
50
51
55
57
58
58
54
54
49
52
53
52
45
50
51
47
49
48
51
55
54
52
55
52
53
49
53
54
53
51
51
56
52
50
54
53
46
46
43
46
43
40
44
52
47
49
47
49
44
50
51
46
45
47
55
52
46
46
43
47
46
45
44
46
47
47
52
43
44
44
45
49
46
46
45
43
44
51
50
48
47
49
46
48
50
47
45
47
45
48
48
46
47
48
46
49
45
46
46
42
48
44
55
47
50
55
45
48
50
52
49
48
51
50
52
55
49
46
49
49
48
46
45
49
47
51
45
44
46
45
43
54
54
55
53
47
51
42
43
44
46
41
49
48
49
48
47
56
62
56
54
42
43
47
45
47
44
51
43
40
44
49
47
52
47
50
48
48
48
52
49
51
56
54
56
36
45
46
48
47
49
48
45
50
42
46
41
46
45
42
41
44
36
