51
55
47
46
53
49
38
34
46
39
44
38
45
41
39
45
41
43
40
47
38
42
41
40
48
41
46
41
49
44
39
43
41
43
40
49
48
44
34
33
35
43
39
42
48
47
55
56
49
45
37
48
45
47
47
46
49
46
54
54
51
42
47
49
53
57
56
50
53
53
58
58
62
56
58
48
48
49
44
47
47
47
58
46
52
53
56
51
51
58
49
52
53
55
51
51
47
46
48
45
43
45
46
49
40
51
45
46
46
51
44
45
44
54
43
40
42
48
47
45
45
48
50
52
55
49
51
44
37
53
49
45
46
41
43
44
40
46
42
42
47
41
43
40
48
55
49
49
51
51
44
46
48
45
47
45
51
45
42
47
49
47
49
43
59
46
43
47
48
53
51
56
59
53
51
52
53
57
45
39
47
48
44
45
50
50
59
52
55
56
54
52
54
53
56
54
53
48
55
59
49
53
54
48
44
43
45
44
43
41
50
52
47
47
48
48
45
56
43
46
44
51
59
46
47
43
43
46
50
43
44
46
44
48
48
47
44
44
46
44
48
44
44
43
44
46
53
48
47
45
51
46
51
42
50
47
44
50
50
45
46
45
51
43
45
44
42
46
49
51
47
53
50
48
50
48
52
47
52
49
47
52
53
50
49
51
47
48
47
47
45
47
51
48
44
43
45
43
50
54
55
54
48
45
50
43
45
44
40
44
49
57
46
45
52
58
56
52
42
43
43
50
41
45
46
51
44
43
45
54
46
50
47
50
49
49
48
54
52
52
55
53
53
37
45
45
47
50
48
46
47
51
43
44
41
43
45
43
42
44
