49
62
52
46
42
46
44
52
56
54
58
60
58
62
59
60
58
61
61
53
55
53
56
52
50
55
50
47
49
54
54
53
58
58
58
55
54
59
55
51
53
51
56
55
56
55
54
46
53
67
50
57
49
51
55
54
48
49
59
55
57
54
58
52
56
48
58
50
52
51
53
55
57
54
45
55
55
51
56
53
57
58
53
55
56
58
58
55
54
53
53
56
61
60
62
62
53
55
66
60
47
56
54
50
57
54
55
56
53
52
52
52
46
52
57
50
55
55
53
60
53
54
53
56
52
52
52
54
50
55
62
56
55
59
58
55
58
56
56
55
58
57
60
56
56
55
56
58
52
56
53
53
54
57
58
52
52
51
53
52
56
50
52
47
57
57
56
56
53
56
56
55
57
59
57
56
56
56
51
55
51
48
51
54
57
60
62
58
54
59
59
56
54
55
54
56
51
52
55
52
57
62
56
52
58
50
56
57
60
56
54
59
59
62
58
59
57
54
61
62
58
51
52
55
58
60
53
56
58
65
57
61
56
50
51
48
49
58
52
47
46
46
47
45
56
47
44
49
49
55
61
53
49
52
54
47
51
50
47
59
50
50
50
53
54
50
53
49
50
56
60
48
53
54
51
51
53
52
55
54
56
58
62
60
61
55
51
56
55
54
59
59
63
55
56
54
61
62
64
53
60
61
62
54
58
58
50
57
58
54
55
52
55
53
53
50
55
58
58
53
58
56
60
60
60
65
55
53
61
63
52
49
56
56
51
53
53
56
54
54
57
51
56
48
50
48
51
57
48
49
52
57
57
49
45
55
50
50
52
59
