52
47
35
38
47
48
53
52
49
50
48
49
53
60
54
56
62
47
48
50
54
56
57
59
61
62
61
51
49
60
53
56
57
56
44
57
60
56
61
48
51
53
59
53
49
45
49
48
44
49
49
46
53
47
47
44
49
46
48
60
53
42
40
43
57
55
56
58
49
40
41
50
49
45
42
45
43
44
55
51
50
49
47
57
51
50
52
57
42
40
49
45
55
53
54
58
52
53
61
60
52
54
49
47
48
49
59
50
47
42
50
47
44
48
44
42
42
42
50
55
52
45
52
46
44
53
55
52
55
57
59
57
56
53
61
54
59
57
59
55
57
66
54
58
51
50
54
44
47
59
46
47
59
55
58
53
62
56
53
56
53
59
49
47
59
50
54
49
48
60
54
51
48
54
49
50
52
60
49
44
40
44
39
41
42
50
42
39
44
40
53
43
42
50
38
41
45
47
44
43
44
44
39
39
43
49
38
43
47
51
47
52
57
53
51
64
49
51
55
47
44
45
43
46
54
40
47
49
46
50
52
42
50
47
45
48
49
40
45
43
44
47
44
45
54
44
47
45
45
50
49
47
46
41
44
50
50
48
48
50
42
43
42
47
54
49
46
58
48
53
54
44
51
51
49
44
55
41
54
55
51
55
50
52
39
50
49
45
46
49
47
52
46
49
53
52
53
56
63
50
57
49
54
53
54
51
55
50
51
55
55
56
56
60
58
51
51
59
53
49
52
55
56
55
52
61
54
53
60
50
49
48
51
55
60
54
59
56
56
50
52
45
51
53
52
49
53
52
55
57
58
51
52
54
55
56
49
54
53
58
