45
37
35
36
45
48
52
49
52
50
46
43
50
57
56
52
55
53
47
46
52
54
55
55
63
59
55
47
49
58
56
51
54
56
43
48
55
61
52
57
49
50
48
60
46
44
41
46
48
44
46
43
44
44
52
42
46
44
43
43
59
46
36
39
44
60
53
52
57
37
39
46
42
42
49
40
42
39
45
48
53
46
46
50
48
55
47
49
56
37
43
49
43
55
52
51
55
55
48
57
61
50
49
46
50
49
54
47
47
44
45
44
41
41
43
47
38
41
48
46
56
41
46
42
44
47
53
50
54
56
57
56
57
49
57
53
58
58
52
55
59
58
57
54
48
54
47
47
47
51
50
45
51
53
57
54
54
56
51
59
50
52
54
45
50
44
55
47
45
49
56
51
46
44
52
48
51
49
57
52
46
49
42
42
47
53
40
50
43
52
47
48
47
51
52
44
42
57
48
54
41
53
44
42
43
43
58
47
47
43
51
52
49
56
48
51
54
55
51
45
51
46
45
40
40
54
46
43
45
47
43
53
41
40
46
40
42
48
42
37
43
39
47
43
43
55
41
42
43
42
49
45
44
45
42
39
48
52
46
44
48
45
42
39
44
46
47
47
51
49
49
48
49
44
54
45
39
53
48
40
56
49
50
47
50
49
40
47
46
43
45
45
49
48
44
45
49
55
50
53
56
57
48
57
47
54
49
49
52
48
47
54
54
53
57
59
55
47
54
56
48
50
51
51
53
54
50
62
53
53
58
46
44
49
51
55
52
55
56
57
52
44
56
44
48
49
50
50
50
50
54
56
52
48
50
54
51
54
48
57
