52
33
33
36
43
49
51
50
52
43
47
48
57
55
59
51
58
44
46
51
52
54
55
62
58
56
56
44
51
56
57
54
54
53
44
55
60
53
54
52
48
49
55
51
45
44
51
47
41
48
45
44
44
54
42
45
45
43
45
50
58
38
38
40
53
59
53
59
39
42
44
42
45
40
47
43
40
46
47
55
47
49
44
47
53
50
50
57
37
42
48
43
49
57
49
51
57
51
52
64
51
49
46
50
44
50
48
49
48
42
46
39
42
44
45
39
47
39
44
51
51
41
50
44
48
49
51
54
53
52
56
56
48
55
57
54
57
56
54
59
59
55
58
53
49
53
48
45
44
53
45
50
52
59
51
52
55
56
52
51
56
51
47
53
45
42
45
49
47
55
53
56
45
45
50
54
48
52
57
51
44
36
49
41
48
49
58
44
47
44
52
52
46
49
53
42
47
50
58
43
50
47
50
49
43
51
51
48
48
54
51
43
52
47
61
51
53
56
52
42
52
48
40
40
41
42
51
42
46
45
48
43
48
45
44
42
41
42
39
41
41
48
45
41
45
40
40
44
49
41
44
49
43
47
39
42
46
47
50
44
46
46
42
42
44
49
48
50
55
49
45
55
45
50
50
41
47
51
43
40
59
49
46
47
56
48
41
46
50
41
43
45
48
46
44
43
50
52
49
54
58
58
54
52
47
52
51
53
52
48
48
50
58
57
51
60
59
51
48
58
56
49
50
50
56
51
52
55
55
53
58
51
48
45
48
54
57
49
55
57
53
52
46
50
46
52
51
47
51
53
52
53
55
52
49
48
57
52
51
46
