57
33
33
37
44
47
52
51
53
45
46
47
52
53
57
52
58
46
48
48
52
58
56
54
59
60
56
45
49
55
58
56
53
54
44
50
61
55
50
56
50
50
51
58
47
43
43
57
40
47
47
44
45
45
53
43
47
44
42
47
61
42
37
40
49
58
53
56
50
35
42
41
45
43
46
43
41
39
47
53
48
47
48
47
52
47
50
52
48
37
47
47
44
56
50
50
61
52
49
56
63
49
49
45
53
49
47
48
55
41
46
42
42
46
41
44
40
45
44
46
57
39
47
44
47
49
55
45
58
51
58
56
56
48
58
53
55
59
51
55
60
56
57
53
47
55
47
45
46
50
49
44
54
51
59
53
62
50
58
50
49
57
48
48
46
49
51
46
45
58
50
51
49
44
47
49
56
52
52
58
43
44
42
42
51
47
47
57
40
47
45
50
54
46
51
47
45
49
51
54
50
49
46
42
48
47
53
44
51
48
50
50
49
49
57
49
53
60
52
45
49
46
45
41
41
42
54
45
46
45
43
46
45
49
41
41
41
42
41
44
42
38
47
44
44
46
48
45
43
41
43
50
43
43
41
40
45
51
47
44
45
43
46
43
41
48
49
49
52
49
44
52
44
49
51
44
47
49
45
39
57
52
48
50
52
47
40
48
47
41
44
46
47
46
45
44
53
54
49
55
51
54
48
56
48
50
51
53
52
45
42
50
52
48
52
55
53
47
55
57
48
49
47
54
53
52
49
60
54
54
60
45
45
49
50
55
52
54
59
53
54
49
48
45
48
49
49
50
54
48
56
53
52
49
53
52
50
56
47
54
