57
43
34
35
36
33
33
33
41
49
47
43
43
47
50
42
46
47
48
53
53
46
45
45
49
44
45
41
50
52
50
42
55
50
48
44
47
45
43
47
51
48
44
52
55
42
46
44
57
55
58
50
55
48
46
54
48
45
57
52
47
53
48
55
49
40
40
44
56
47
42
45
49
46
42
43
44
53
41
43
44
46
46
45
43
42
46
49
48
49
56
44
38
39
48
47
53
45
45
38
33
44
47
44
45
43
49
44
50
57
50
46
44
50
47
42
46
46
48
47
50
49
39
40
48
43
49
44
46
50
48
45
48
49
48
47
57
49
47
51
49
54
52
41
41
41
42
50
46
41
43
44
46
51
48
49
48
50
52
56
55
55
56
47
56
60
54
49
45
42
50
48
56
56
54
47
49
49
47
48
47
43
39
42
45
42
42
41
46
51
46
41
43
50
50
48
47
52
43
48
49
48
46
49
51
46
48
54
47
49
49
57
45
43
42
53
45
44
46
46
44
35
35
44
36
51
48
38
44
44
50
46
50
51
45
42
44
43
44
42
44
41
47
45
47
45
47
53
44
46
46
51
43
61
53
50
42
45
48
50
44
43
55
45
55
51
53
57
52
42
52
46
47
45
48
48
45
42
39
46
51
54
34
44
45
43
39
38
43
40
45
42
50
55
45
44
45
38
42
45
53
46
45
50
40
45
44
49
45
41
49
52
47
50
48
49
46
48
49
46
45
47
47
44
47
47
43
43
50
45
50
52
48
45
42
46
44
46
50
47
57
44
47
46
50
51
55
48
44
53
45
48
46
51
37
37
45
48
46
47
