57
40
33
34
34
33
33
33
40
50
43
47
43
47
48
42
45
46
49
54
52
45
44
45
48
44
44
42
51
53
48
45
56
49
49
42
47
44
47
43
53
47
45
54
51
48
46
44
59
54
57
50
55
46
50
60
41
49
57
51
47
50
50
53
45
43
40
47
57
44
44
44
48
45
43
42
44
46
41
45
42
51
45
42
44
41
50
47
49
50
56
40
38
40
49
54
47
45
42
36
37
47
44
42
45
47
44
46
51
57
46
45
50
51
40
46
46
50
48
49
50
43
37
43
46
42
47
45
48
50
44
44
49
48
45
55
50
46
51
48
56
49
40
41
44
38
46
40
42
45
43
48
50
46
50
50
49
50
56
53
54
61
48
56
63
51
49
42
43
49
52
52
60
54
45
48
49
44
50
47
43
42
42
44
43
41
42
49
50
44
40
44
51
49
47
50
50
40
48
52
48
47
54
47
44
54
47
48
47
54
50
45
44
50
48
44
45
47
41
42
34
36
44
38
50
46
39
44
47
49
45
57
45
40
44
43
43
40
43
43
46
45
47
45
43
48
47
45
44
50
46
50
57
51
43
45
44
51
45
43
49
51
47
52
53
51
58
48
43
54
46
49
47
49
50
45
41
48
44
46
55
36
47
40
44
40
39
40
44
49
43
49
54
43
44
39
40
45
47
50
46
45
48
43
47
44
48
45
43
50
55
45
46
54
47
45
49
49
47
48
46
46
46
48
47
46
39
53
47
51
50
47
44
44
46
41
52
51
46
54
44
51
42
53
52
55
48
43
52
45
44
54
47
40
38
51
44
45
45
52
