49
50
49
43
43
43
52
47
41
50
43
55
47
42
49
53
51
49
50
43
39
39
49
53
46
48
44
47
47
45
50
47
48
49
54
48
47
56
48
48
54
51
52
51
54
40
47
44
43
39
41
44
40
40
40
41
38
37
43
40
45
37
40
47
42
47
42
45
43
44
42
48
50
42
38
45
39
42
50
45
52
53
56
46
42
47
44
43
41
46
38
36
39
49
45
42
43
38
42
36
41
40
39
43
56
38
44
50
44
55
47
51
39
44
41
44
48
38
46
47
41
45
56
48
44
45
54
46
44
45
48
49
44
39
45
37
45
51
42
48
56
40
42
40
43
44
41
43
45
41
49
50
42
40
42
47
46
42
45
47
40
46
55
49
51
45
46
43
49
49
46
45
45
40
43
46
40
44
38
45
45
45
42
45
43
41
47
44
43
44
47
43
45
60
49
46
50
52
50
45
48
51
47
42
42
50
35
34
36
38
36
35
35
35
36
39
43
43
42
39
33
45
39
40
31
39
43
49
42
41
40
43
40
45
48
48
42
42
47
56
44
47
44
49
55
48
46
43
43
48
44
48
46
44
48
50
57
46
48
52
51
50
48
49
41
41
42
49
48
49
50
54
43
50
46
49
46
46
47
53
42
41
40
47
46
47
42
45
42
52
47
49
45
48
46
45
40
47
41
45
46
51
41
50
44
41
40
37
45
43
39
44
41
38
48
43
38
40
41
41
43
43
56
48
37
34
32
36
31
31
31
41
