42
56
51
48
39
47
47
52
40
48
46
49
54
48
47
50
50
54
49
49
42
39
38
47
48
51
47
44
49
47
47
48
44
46
51
47
50
54
49
47
51
52
50
52
53
49
42
40
51
41
40
45
39
39
38
40
41
37
38
39
50
38
40
41
50
42
43
46
43
42
39
42
56
44
41
44
40
38
48
47
45
51
53
54
45
42
45
43
47
43
39
36
38
40
46
48
45
39
38
37
40
42
39
38
49
51
40
48
46
50
53
45
46
43
44
42
42
36
43
46
48
41
49
51
49
41
51
52
42
41
50
47
47
45
38
40
43
46
50
38
50
54
42
46
38
47
40
41
47
42
39
56
45
47
40
40
51
44
39
45
46
42
45
55
50
50
50
43
37
51
45
48
45
43
39
43
43
44
46
40
42
44
49
42
46
43
44
41
42
48
47
43
45
46
53
51
47
56
45
47
52
48
48
44
42
43
44
39
39
42
40
39
47
37
38
41
42
44
39
42
41
38
40
45
50
43
42
44
41
41
42
42
40
37
41
50
47
42
37
36
53
51
46
46
48
52
42
50
42
40
44
47
47
48
46
45
49
48
45
55
51
48
51
47
44
44
43
48
48
49
52
50
49
43
48
48
46
52
42
49
51
38
46
38
47
48
42
42
44
47
45
47
46
51
47
44
44
42
42
43
50
47
43
42
45
40
41
35
37
49
41
38
39
44
44
47
36
41
43
41
40
44
46
56
44
36
33
31
31
33
30
31
