45
51
53
49
37
40
41
56
41
48
52
50
55
49
46
56
50
55
53
51
44
44
44
50
56
51
50
46
49
51
50
50
47
49
52
50
56
54
56
48
54
58
49
55
55
53
45
40
56
44
42
46
43
41
40
42
49
42
41
46
44
43
40
44
50
45
44
44
43
44
42
44
56
49
43
45
45
42
45
55
43
59
52
63
49
47
46
47
47
44
47
39
40
41
45
49
45
49
40
43
41
41
44
42
43
55
48
45
54
42
58
53
48
46
51
42
46
49
44
46
48
44
46
59
52
49
44
54
47
45
49
50
51
49
43
40
45
46
51
49
41
57
50
43
52
39
50
43
42
52
43
44
56
51
44
48
44
53
47
41
47
50
43
48
60
56
47
52
46
39
49
49
50
45
44
45
44
53
43
48
41
46
48
47
45
45
46
45
47
47
43
50
45
46
46
55
54
49
49
52
53
50
52
47
52
39
40
48
45
42
43
44
45
44
44
42
42
49
45
43
47
42
42
49
50
43
45
55
44
45
48
43
50
42
43
44
58
46
48
42
44
49
53
48
47
48
53
52
45
47
45
47
46
50
51
48
49
50
50
54
48
56
50
53
53
50
46
49
43
45
61
47
51
58
49
46
52
48
47
55
48
50
58
44
43
42
51
49
46
43
46
48
48
49
60
48
49
47
43
47
45
42
53
49
45
49
48
39
41
38
42
48
44
43
42
40
48
55
39
41
42
46
43
46
48
58
47
39
37
37
35
33
