43
53
64
47
46
37
43
50
36
39
37
58
57
61
57
48
38
44
45
47
43
43
42
48
55
57
48
51
52
53
48
51
47
48
50
49
47
54
47
61
52
48
49
45
51
47
39
33
43
62
58
53
58
54
56
56
56
60
55
54
52
59
53
57
52
54
50
47
44
50
50
45
55
52
62
53
57
50
45
46
48
55
41
45
58
53
49
46
43
49
50
46
46
45
48
50
54
48
48
49
48
46
47
45
51
39
43
42
62
52
45
54
51
49
49
57
50
51
52
50
50
44
47
49
42
47
44
55
52
50
45
48
48
53
54
53
55
53
52
52
43
45
50
60
50
50
55
50
49
48
48
48
51
55
55
61
51
55
50
54
59
56
54
45
44
49
55
53
50
50
49
47
46
46
52
48
46
50
61
47
52
50
57
52
57
39
57
55
48
49
51
50
53
53
46
50
47
48
55
55
54
56
59
49
56
50
52
58
53
60
55
55
53
63
54
49
47
52
44
44
46
50
53
52
52
61
52
50
49
50
48
47
49
51
45
48
45
56
52
48
50
47
47
48
58
60
53
57
54
60
48
47
51
46
45
48
50
51
46
50
48
56
48
48
52
46
55
52
51
46
47
51
54
49
44
47
46
53
54
53
56
55
53
49
49
59
54
48
49
56
47
53
52
54
44
45
44
47
55
48
49
50
45
43
45
47
48
39
39
48
65
56
57
56
58
50
48
51
46
40
44
47
52
56
51
41
46
57
49
54
56
51
55
51
55
54
53
49
56
50
56
47
51
53
48
46
46
49
57
59
55
48
48
50
48
46
46
50
50
50
