46
58
54
45
44
37
42
50
38
39
38
58
58
60
58
47
39
44
46
48
43
42
43
49
58
52
50
52
51
52
51
45
51
49
52
47
53
44
48
55
53
52
46
50
52
48
35
35
52
54
58
57
60
54
59
55
55
57
54
60
54
55
53
57
52
57
50
49
42
50
45
51
55
52
58
53
52
56
47
45
49
58
36
49
49
53
48
47
42
49
54
42
47
46
60
49
44
47
49
51
49
45
46
52
41
42
39
57
57
46
50
54
50
50
53
54
50
50
51
52
45
46
49
43
43
46
50
52
53
48
49
45
56
53
52
56
53
54
52
45
46
49
55
48
55
53
51
51
50
50
50
51
52
60
54
53
55
48
56
54
57
52
45
47
47
58
52
50
51
49
49
47
46
47
45
49
44
56
55
49
50
57
52
59
39
56
57
46
47
52
53
49
48
46
50
48
52
55
56
57
57
58
51
56
53
52
57
52
58
51
53
54
61
48
47
47
45
49
45
47
49
54
52
50
56
50
47
49
51
47
46
49
53
46
47
52
55
48
50
47
47
54
52
60
52
57
57
63
52
49
54
46
44
47
49
50
48
48
48
59
48
50
49
54
54
54
52
48
48
48
57
53
44
45
48
52
53
55
54
56
52
49
55
53
50
53
53
51
53
47
47
49
52
46
52
42
51
49
50
50
47
44
46
48
47
47
47
49
56
56
58
56
58
48
50
49
47
45
48
46
50
52
45
44
47
53
50
55
63
57
55
52
53
58
47
49
51
53
49
52
56
55
48
47
48
46
49
58
53
52
48
50
52
52
45
49
49
54
53
57
