57
44
32
32
48
55
47
44
48
51
45
49
53
48
43
47
43
52
56
55
54
54
53
55
54
60
55
52
54
52
56
52
50
61
57
54
64
56
57
49
51
51
44
51
56
48
39
41
47
53
39
40
42
38
50
42
47
44
45
41
43
43
41
46
42
42
40
38
42
44
41
42
61
58
54
58
52
54
48
45
52
49
56
45
53
51
50
57
50
51
46
53
57
52
53
47
57
52
42
44
47
48
45
48
49
54
51
52
52
51
55
41
47
58
39
47
50
55
45
42
52
41
37
46
42
39
41
51
45
42
44
48
44
39
48
47
53
51
50
54
46
37
41
42
59
53
48
42
43
56
55
48
56
56
60
55
62
51
53
38
52
55
52
51
52
55
56
52
58
54
51
47
43
48
43
55
52
56
51
55
52
48
54
48
52
54
44
42
46
56
47
43
56
45
46
41
46
40
38
43
49
49
44
49
48
46
38
39
38
38
41
45
53
40
39
53
51
44
43
46
55
51
47
50
43
41
41
59
51
52
50
62
56
49
47
45
47
51
45
54
42
44
38
44
50
56
58
55
60
56
54
68
51
53
42
42
45
46
47
51
47
42
44
50
54
56
56
56
49
62
55
57
48
49
63
56
53
46
51
54
47
43
48
47
47
38
43
55
41
42
41
46
52
46
47
47
43
42
57
55
52
51
46
55
47
52
50
46
56
52
52
55
47
46
55
46
47
49
47
46
50
55
60
55
50
59
51
45
52
51
54
51
57
51
45
52
43
45
44
50
44
40
39
50
43
49
48
41
50
43
41
46
43
49
46
43
44
50
54
42
