64
51
35
35
52
53
48
50
52
49
53
50
61
49
44
46
52
58
59
60
55
53
58
56
67
55
57
55
54
51
60
52
55
60
55
60
61
57
54
55
53
57
45
52
46
59
43
45
53
50
45
41
43
40
47
48
40
45
48
39
45
47
49
43
44
42
48
42
45
43
44
50
57
56
58
60
53
58
50
47
53
49
53
65
45
51
46
59
51
49
46
54
56
60
49
59
57
44
43
44
49
43
42
47
57
47
52
65
50
51
58
43
49
59
43
47
53
58
45
62
50
56
41
44
46
42
41
53
49
44
51
49
45
43
47
46
50
58
54
49
56
42
44
47
47
54
45
49
41
56
58
54
55
58
60
56
58
52
54
52
53
55
56
53
56
60
54
61
53
57
59
48
51
50
45
52
61
67
56
52
58
48
49
61
53
51
60
42
47
61
54
54
45
44
50
54
42
42
42
42
55
56
49
46
47
48
43
42
41
40
39
53
42
49
42
46
53
51
46
51
52
56
52
51
50
47
38
50
55
51
60
58
56
58
47
53
62
47
49
49
48
49
43
46
49
60
56
61
62
61
58
62
53
49
53
48
46
47
46
59
53
45
46
46
53
60
60
58
53
58
56
72
58
51
55
61
48
53
52
54
47
46
54
65
47
42
43
52
40
44
41
42
48
58
46
53
43
50
49
55
56
52
53
49
51
58
52
57
56
51
58
51
52
52
51
51
49
49
54
51
50
53
58
59
54
55
55
48
47
57
60
53
61
54
54
46
50
42
49
56
51
48
49
43
52
44
48
40
48
48
45
45
49
56
49
57
55
48
43
53
