49
45
39
37
50
50
47
51
48
42
42
60
52
53
42
45
45
52
54
54
55
53
54
54
54
63
54
51
53
54
56
50
52
56
56
54
61
63
48
50
59
46
45
59
44
48
39
48
41
47
45
40
43
42
44
40
40
43
49
39
38
42
41
46
45
42
41
39
44
40
45
42
59
59
54
57
53
51
52
45
52
53
52
45
52
58
50
59
48
48
51
55
53
55
50
51
54
55
44
49
45
42
46
55
49
50
55
45
58
56
44
41
49
56
40
49
56
52
45
48
59
44
37
44
44
41
45
50
45
43
47
42
45
44
43
47
48
47
55
48
44
35
41
44
58
51
48
45
42
54
54
52
54
52
54
63
60
52
51
49
52
54
53
50
54
53
57
54
61
58
47
48
44
48
43
54
55
52
55
54
55
48
53
51
58
48
47
42
50
50
48
42
59
44
46
49
39
39
38
42
48
50
45
44
50
46
39
39
39
38
38
51
39
41
39
47
59
44
42
47
44
55
50
48
49
45
37
51
55
48
56
57
61
51
45
43
54
46
49
54
41
47
43
44
45
56
57
57
57
60
55
64
53
45
47
42
44
46
45
51
50
41
46
57
51
57
56
56
52
55
54
60
48
51
59
61
45
54
50
50
51
41
56
48
44
44
42
53
42
42
41
39
53
49
46
50
41
42
49
64
52
55
44
51
50
52
52
46
54
55
50
61
50
45
51
56
44
48
48
49
48
53
55
59
58
55
50
45
47
52
56
49
57
51
50
51
47
40
51
45
44
42
48
48
41
43
45
45
49
44
43
42
47
48
44
47
44
47
46
55
