66
49
32
37
50
58
49
48
51
54
48
58
59
43
46
46
51
53
59
57
58
58
56
54
66
57
58
58
53
54
56
59
48
60
57
59
65
56
60
53
52
60
47
51
55
50
50
41
50
42
52
41
44
42
46
49
43
44
48
43
51
42
42
46
42
44
47
42
43
55
46
46
56
56
58
59
61
54
52
42
39
50
48
57
47
50
53
56
59
57
50
54
61
53
52
61
51
51
48
46
50
45
52
52
50
52
58
62
49
54
60
44
45
55
53
45
52
59
54
54
52
47
46
41
49
45
42
42
55
47
49
53
51
45
43
50
50
56
56
55
55
47
52
45
42
59
52
50
44
46
59
56
55
56
64
56
62
55
56
55
50
54
63
56
50
56
59
60
55
54
57
51
54
46
46
61
52
57
66
61
51
61
49
52
55
53
49
55
43
51
58
56
52
48
45
51
53
40
41
43
44
57
53
47
45
48
50
42
42
41
41
38
48
58
47
42
45
51
54
46
48
50
61
53
46
59
50
38
48
56
53
55
57
59
65
51
45
61
51
52
50
44
48
46
50
44
58
60
60
66
57
61
56
58
50
46
52
46
47
47
55
63
45
43
52
53
58
59
61
54
60
58
62
62
52
54
59
48
54
54
54
48
50
48
64
47
43
48
45
43
44
42
42
55
52
48
56
50
46
50
52
57
54
50
57
61
58
55
60
57
55
51
54
55
49
53
59
45
50
52
63
55
54
53
57
59
55
59
43
50
60
54
56
59
64
43
49
54
45
54
46
45
53
48
44
46
44
49
47
46
46
45
49
53
52
57
47
51
49
46
