59
55
48
49
34
35
47
45
46
48
46
52
52
46
46
42
47
39
53
49
46
49
47
49
53
44
44
45
54
45
45
44
46
48
46
48
50
44
50
48
51
48
45
48
48
53
52
55
53
53
54
46
56
48
50
52
50
52
51
57
51
59
49
51
49
49
54
46
53
53
49
51
48
51
47
46
45
48
48
47
51
52
47
47
45
49
50
46
49
52
43
45
51
54
55
50
46
47
38
45
47
47
40
43
50
45
49
53
51
54
46
45
45
45
56
47
46
54
66
53
50
52
47
49
45
46
49
45
45
49
47
48
47
44
43
51
46
50
45
47
55
55
53
54
49
49
50
49
51
51
51
48
59
47
50
45
50
52
52
54
52
59
54
57
61
56
57
53
52
55
50
53
53
54
48
53
48
52
50
47
47
48
49
47
47
50
48
52
51
56
57
55
50
49
58
53
51
49
54
59
53
55
57
54
57
57
53
57
57
57
52
50
47
52
53
58
56
51
46
52
47
48
54
53
49
50
56
56
53
53
57
52
51
56
55
50
57
51
46
51
52
52
48
53
50
49
46
52
53
55
58
54
53
54
50
48
47
53
38
41
56
50
51
47
48
42
43
45
57
48
44
45
46
44
46
51
47
46
46
52
49
49
52
50
41
49
52
49
50
61
53
50
58
51
49
50
53
51
51
54
50
51
54
47
52
57
50
52
53
56
52
49
51
43
43
50
46
52
45
44
45
45
44
47
49
52
47
46
57
54
49
51
46
50
48
46
49
46
49
51
49
48
44
47
62
49
58
41
43
44
59
46
49
48
46
49
50
48
57
51
