52
55
52
37
55
58
36
35
56
62
34
41
47
52
53
45
45
53
51
41
40
41
40
44
44
52
49
45
47
43
43
42
45
54
55
61
55
57
56
56
58
58
57
56
55
58
62
54
57
55
55
58
55
58
51
55
53
59
56
49
52
47
48
49
47
51
55
56
57
51
64
55
63
51
46
55
49
46
46
50
51
55
57
49
46
44
52
56
59
56
56
53
52
59
50
53
54
54
57
53
56
56
56
55
56
59
56
54
58
54
56
57
52
54
57
51
54
58
57
54
57
52
53
56
45
52
61
55
57
59
55
57
56
56
54
57
54
53
48
46
58
52
56
47
47
51
49
51
50
49
43
52
44
41
46
50
49
44
44
47
43
45
45
47
42
44
47
48
52
51
48
45
50
53
52
58
53
48
47
47
50
44
45
46
43
47
58
47
46
46
47
42
44
49
46
45
41
41
56
52
54
40
38
46
46
40
40
40
44
47
50
48
47
49
50
47
52
49
45
47
52
46
40
53
56
51
52
46
47
48
49
45
44
52
54
49
43
47
52
52
44
41
46
47
46
55
59
50
47
48
50
49
44
45
46
41
42
49
42
46
51
43
39
45
47
49
44
46
57
55
48
54
55
51
48
54
51
46
47
48
55
50
41
45
47
50
48
50
48
48
46
47
57
54
46
45
47
48
52
51
40
45
54
61
55
55
50
48
51
50
53
56
54
51
55
63
56
56
52
58
46
54
50
48
47
54
53
67
55
48
50
48
49
47
51
48
53
56
59
54
56
55
59
57
58
55
58
49
49
52
60
57
59
51
44
47
44
47
47
51
