50
58
55
35
54
56
38
34
53
60
35
32
46
61
51
53
46
52
50
42
39
39
41
40
45
51
48
46
43
44
43
44
43
50
52
56
64
56
57
56
59
56
56
55
59
56
55
56
60
52
58
57
55
58
53
55
52
58
54
54
49
49
49
55
45
53
55
54
56
50
59
61
56
49
46
53
52
47
45
53
56
52
59
49
43
47
54
55
57
59
54
55
51
54
57
55
51
55
54
53
54
57
54
59
54
54
62
55
55
54
59
59
57
52
54
54
57
59
56
54
55
48
54
51
48
52
59
56
55
58
54
57
58
56
53
60
54
56
44
48
54
55
53
45
53
50
49
49
53
46
47
44
48
43
46
52
49
42
44
45
47
45
45
39
49
45
50
48
45
49
47
45
61
51
52
60
49
44
44
50
45
50
46
44
41
46
47
47
46
47
51
46
50
46
52
43
47
40
60
53
43
41
41
48
41
44
38
40
45
46
55
48
49
47
47
48
52
43
47
49
46
40
49
56
52
48
48
45
50
48
47
49
44
50
58
45
43
54
50
47
40
43
48
46
48
53
48
47
52
51
49
43
46
46
42
42
44
48
42
55
41
40
46
46
52
43
44
51
53
57
52
54
52
46
52
51
48
48
48
49
56
45
42
48
47
48
50
52
46
45
49
54
55
49
45
48
49
52
48
46
43
51
51
57
59
52
48
52
53
52
54
55
51
52
58
54
55
55
54
50
55
51
47
48
57
51
58
61
49
50
48
48
47
52
48
51
56
56
56
55
56
57
58
59
58
55
55
49
53
55
62
58
55
48
47
44
50
46
50
52
