49
61
55
36
52
60
36
35
54
61
36
39
48
55
50
44
47
53
52
41
39
39
38
43
40
52
49
46
46
41
43
44
43
52
52
55
64
55
58
56
55
55
55
56
56
58
56
56
64
54
54
60
56
58
56
51
52
59
55
50
57
46
47
50
45
53
53
56
57
53
55
66
52
51
47
51
52
45
46
49
53
55
53
55
47
41
51
56
54
59
56
55
56
49
54
54
54
54
50
54
55
55
56
53
58
53
60
53
58
55
54
56
54
54
54
56
59
57
60
59
58
53
54
53
49
49
53
58
55
53
60
56
59
57
54
53
59
53
55
46
47
50
59
55
46
47
52
49
48
55
45
41
50
47
42
45
50
51
45
42
46
43
47
46
44
48
44
49
53
50
52
48
48
47
55
52
50
58
51
52
46
57
50
52
48
45
44
48
46
53
46
44
53
47
47
51
46
45
49
41
55
53
48
42
40
46
43
41
42
39
45
44
52
49
48
47
47
47
54
47
46
46
49
38
50
54
53
49
47
48
48
47
48
45
44
54
53
52
46
50
50
51
40
41
49
44
50
53
48
47
52
47
49
47
45
45
41
41
43
53
38
53
44
41
46
46
49
44
46
54
53
52
48
56
53
47
52
52
48
47
51
48
53
47
44
47
47
48
48
52
46
45
44
50
55
51
56
47
46
51
50
49
44
47
50
57
58
52
50
50
52
52
50
58
52
50
55
60
52
60
52
53
50
51
50
46
50
50
54
61
57
48
46
47
50
49
52
45
55
55
58
57
58
55
57
59
58
57
57
49
48
51
61
57
64
49
45
49
44
48
