69
75
84
74
87
67
42
58
43
47
44
43
41
48
39
43
50
46
43
44
41
43
40
48
42
47
38
42
50
42
41
48
42
40
45
50
49
40
34
33
38
40
38
46
51
48
57
58
51
39
46
45
48
50
48
45
48
50
55
57
46
46
51
46
57
57
54
55
53
60
59
55
58
55
55
47
51
49
46
47
48
53
52
48
58
51
55
48
50
56
50
53
56
60
48
53
46
50
43
47
43
46
43
47
43
50
47
46
51
46
46
45
52
52
49
40
50
52
47
47
49
46
49
58
54
49
53
37
48
48
49
46
43
42
44
43
45
45
39
43
48
44
42
42
49
52
50
50
53
50
44
46
48
47
46
50
49
41
47
51
49
51
48
56
52
56
46
51
55
55
58
58
58
54
52
52
57
55
44
45
51
45
44
48
49
56
58
52
57
52
53
51
52
54
58
52
50
51
58
55
51
58
48
44
47
46
48
43
41
44
49
48
48
48
50
46
53
51
45
45
51
58
48
47
45
45
48
46
44
46
46
51
46
48
45
45
45
50
44
47
44
46
45
48
47
53
47
52
46
47
48
49
47
46
47
49
48
48
47
52
43
48
45
47
47
44
45
46
56
50
50
52
52
45
52
53
48
50
50
51
49
56
51
53
48
49
52
46
48
45
49
53
47
44
45
47
44
51
54
52
56
41
43
46
36
38
38
34
41
41
43
40
37
49
53
50
45
35
41
40
38
33
28
44
47
48
40
43
49
49
49
55
48
51
49
51
49
52
49
59
50
41
45
47
50
46
48
48
60
44
44
46
42
46
46
46
41
43
38
34
