56
53
51
42
55
50
43
37
39
38
47
36
48
41
44
41
41
44
41
47
40
41
46
41
47
42
41
44
47
46
40
44
45
41
40
49
50
46
33
32
37
41
38
48
50
48
57
56
52
40
41
49
46
49
49
45
49
49
53
58
49
45
47
48
55
58
51
51
54
55
55
59
58
55
56
49
51
49
45
46
48
48
58
48
50
49
53
51
51
57
47
50
59
52
52
50
46
46
49
45
42
51
46
46
46
45
55
46
45
47
46
47
45
53
47
41
41
46
55
44
46
46
52
55
53
51
54
41
40
53
47
47
44
42
44
44
44
46
39
45
48
49
42
41
42
57
50
49
49
57
43
51
45
53
50
46
50
46
45
50
47
51
53
47
56
52
47
52
52
56
58
56
57
57
51
46
59
52
55
42
50
47
44
45
53
50
56
54
60
58
51
55
48
54
57
55
52
52
52
59
49
55
54
47
45
45
47
45
41
41
46
51
54
43
48
46
46
55
46
47
44
55
52
49
53
43
46
46
46
46
46
47
46
47
48
47
46
45
48
46
45
45
44
47
47
47
54
50
46
46
48
49
50
47
48
47
48
47
52
47
45
47
48
44
47
47
44
46
46
52
52
49
54
48
46
51
53
48
50
53
47
51
59
51
48
49
48
51
46
47
47
47
48
48
47
49
48
43
55
55
57
50
49
46
45
47
45
44
43
48
52
50
50
47
55
58
57
58
45
43
45
46
47
44
49
50
49
38
48
54
53
48
50
50
52
50
50
56
50
51
60
56
42
40
48
47
46
48
50
48
46
46
50
50
46
46
44
42
42
41
