51
55
49
43
53
50
42
34
39
38
46
37
46
38
44
41
40
44
41
49
40
40
45
39
48
40
42
44
47
43
40
43
44
41
40
50
49
48
32
32
34
40
39
41
46
50
55
55
50
46
42
51
46
49
44
48
45
51
50
57
48
44
47
48
52
58
60
49
53
52
61
54
56
55
60
45
46
51
46
45
48
46
58
50
49
55
52
54
51
57
54
47
56
55
52
50
50
51
47
47
41
42
46
47
43
52
49
44
46
49
44
46
43
55
45
42
41
50
46
47
46
44
49
49
55
55
48
53
35
46
50
45
47
42
41
43
42
43
46
38
43
47
43
43
40
47
54
49
50
50
51
45
48
45
45
45
50
52
43
46
52
43
49
47
57
50
52
49
50
56
54
57
56
57
52
54
46
55
53
47
45
50
45
46
44
50
51
57
50
55
56
52
54
49
53
55
53
53
48
57
56
49
55
52
48
47
44
43
47
41
39
48
45
49
48
46
54
45
52
44
51
42
49
54
55
46
42
47
47
44
46
44
47
42
50
47
45
43
45
47
45
45
50
40
45
46
49
54
47
44
43
50
47
45
45
49
44
42
47
46
48
45
48
47
46
45
44
43
43
48
47
46
53
52
47
52
54
49
48
51
48
50
55
55
50
45
51
49
48
47
48
45
47
54
44
46
43
46
44
54
55
55
52
47
49
45
46
47
43
41
49
49
50
45
46
58
60
57
53
42
43
44
47
44
44
51
47
45
42
50
50
48
47
50
55
48
49
53
55
55
52
54
58
39
40
47
47
48
48
48
46
49
46
44
42
44
44
43
42
43
