50
58
51
46
44
46
46
54
56
54
63
56
64
61
57
60
59
63
59
51
61
48
59
52
55
55
52
47
58
56
53
52
58
58
58
62
56
54
52
53
51
55
55
58
58
51
49
54
59
56
57
54
47
58
53
54
45
58
56
64
54
57
55
56
49
58
54
52
54
52
58
60
57
56
55
58
55
53
59
55
56
57
57
60
58
56
57
58
48
52
56
58
61
60
57
57
63
58
61
62
45
56
55
57
55
54
57
55
52
50
52
48
50
52
51
55
57
51
59
52
62
53
53
52
54
52
45
49
52
61
57
58
56
56
61
53
54
60
54
54
60
55
56
53
54
63
50
51
53
54
51
55
60
54
50
51
53
55
55
51
53
49
55
51
64
56
52
57
61
51
58
60
56
57
53
58
54
55
54
52
48
47
50
52
54
51
52
61
58
58
55
57
58
55
55
55
55
53
61
62
61
52
60
62
62
60
61
57
57
57
62
60
60
58
55
55
66
59
55
53
54
57
59
60
53
57
65
59
55
64
50
51
53
50
61
52
50
48
46
46
57
48
47
49
48
51
51
62
52
52
50
57
44
53
43
51
57
46
51
55
52
53
44
51
46
49
52
50
57
50
54
53
52
51
53
54
51
56
56
61
63
61
60
52
55
54
55
57
59
61
58
63
54
57
63
61
62
53
60
63
58
58
63
50
57
56
58
52
59
52
52
55
50
51
66
60
56
54
57
59
61
61
60
59
54
59
59
63
52
56
56
54
49
56
52
52
61
60
50
53
56
55
49
48
54
54
47
52
56
59
56
46
52
50
50
54
54
54
52
54
