48
58
55
46
42
46
45
50
55
54
58
58
57
61
59
58
59
60
60
54
54
56
55
52
50
53
53
50
47
55
54
53
53
60
59
55
55
58
53
52
49
49
55
55
58
56
52
49
49
64
57
57
53
48
56
53
53
46
58
56
62
53
57
54
54
50
54
51
51
52
51
57
56
55
57
51
56
55
52
59
53
58
55
57
56
57
55
56
58
46
54
51
60
60
59
63
52
51
58
61
64
44
55
54
56
54
53
57
56
54
50
50
50
49
53
52
53
56
54
56
52
52
55
55
53
55
53
49
48
59
61
55
53
57
59
54
58
55
54
60
52
59
63
56
56
57
54
60
58
50
52
53
54
57
56
53
51
51
50
51
56
54
49
54
48
56
53
58
54
52
57
59
53
60
60
57
57
57
55
53
55
52
50
49
55
57
59
63
61
52
57
57
56
55
56
55
57
56
52
58
55
57
63
54
51
59
60
68
58
63
57
56
60
56
61
57
61
55
54
58
61
60
54
54
60
55
59
55
54
57
63
58
59
58
48
56
49
47
57
50
49
48
45
48
52
48
44
50
44
49
50
60
53
50
53
48
44
47
49
40
51
49
48
50
51
54
55
44
43
49
57
55
48
53
53
51
52
54
49
54
55
55
60
59
61
60
56
50
55
55
55
57
59
61
61
54
53
58
60
61
57
58
59
63
57
64
55
50
55
56
60
52
57
53
54
55
51
52
56
57
57
52
55
59
58
66
59
58
52
58
59
63
50
54
55
49
55
55
52
51
57
58
50
51
50
57
48
49
53
49
51
51
60
52
56
46
54
51
47
53
