54
83
70
60
42
55
46
51
53
64
56
56
61
60
57
57
62
61
55
57
52
59
51
55
51
52
45
50
56
59
52
55
58
60
56
63
53
55
51
54
51
56
55
58
54
53
52
55
62
54
58
55
49
55
55
48
52
59
59
55
58
55
56
57
48
55
52
53
53
54
58
53
56
52
56
58
51
56
55
57
58
54
55
52
57
61
55
52
49
53
57
59
62
63
55
57
55
64
62
48
57
54
51
56
56
59
55
52
51
52
53
49
53
59
53
54
62
50
58
53
55
56
55
52
54
50
51
58
57
59
53
57
67
54
55
58
55
60
55
66
56
58
57
58
55
61
53
50
54
52
55
59
54
52
55
51
53
54
59
51
52
48
60
53
57
60
54
54
58
55
58
60
57
57
55
55
52
55
52
52
52
54
57
60
63
55
55
56
59
58
54
57
60
56
56
53
59
55
57
61
56
51
61
62
61
60
61
57
58
58
58
60
59
59
54
56
63
62
54
54
59
54
57
60
51
56
64
59
55
63
50
53
55
45
59
51
50
53
45
45
57
46
45
47
44
48
52
63
51
54
50
56
45
46
49
56
52
47
51
50
53
57
50
52
47
48
58
54
52
52
52
53
52
52
51
56
50
56
60
60
63
61
59
52
56
55
57
56
58
62
57
57
51
61
69
62
60
56
58
61
57
61
61
50
56
55
60
52
58
55
54
55
52
53
57
57
56
54
56
60
59
61
60
64
50
61
60
61
53
54
62
49
50
54
51
59
57
57
50
56
51
50
48
49
59
49
49
52
56
60
51
48
52
51
54
49
53
50
55
55
