47
48
45
39
51
36
45
50
48
46
42
43
45
39
47
46
44
46
48
51
48
44
47
58
49
52
50
56
57
55
51
54
56
50
54
52
54
47
53
54
53
46
57
60
54
52
59
55
55
46
53
53
52
52
46
50
46
46
48
45
48
42
49
47
49
48
48
50
46
52
47
48
45
41
54
58
61
54
64
52
52
59
61
60
45
55
52
57
58
51
55
50
54
51
52
48
45
56
53
55
54
53
55
55
54
53
54
54
53
51
53
50
58
60
56
54
58
57
57
56
53
56
59
54
62
57
56
56
56
59
57
50
51
58
54
55
55
53
53
52
51
52
56
55
49
49
50
56
50
58
57
52
57
57
54
64
60
53
58
57
51
60
52
51
50
47
47
54
55
59
56
47
61
55
54
56
56
56
53
51
52
58
55
61
57
53
57
59
62
60
57
58
52
53
50
55
56
60
53
53
59
61
54
53
45
54
52
57
52
58
60
54
49
60
44
48
46
44
64
49
50
48
46
48
48
45
41
44
51
50
52
61
51
47
51
57
43
49
46
44
52
47
50
50
52
55
50
47
48
50
54
59
48
51
60
52
51
49
51
53
53
54
58
64
64
57
50
56
55
50
56
57
61
56
59
54
59
61
62
60
51
60
61
66
58
57
56
54
55
60
54
55
53
54
53
51
51
52
57
55
54
58
54
59
58
62
60
52
56
60
63
50
52
56
53
48
55
50
50
59
54
53
50
59
52
45
50
52
53
48
51
55
59
48
47
55
50
50
51
53
52
52
56
60
57
53
56
54
51
51
54
54
51
56
56
51
56
57
60
54
