73
76
66
79
50
53
52
63
53
46
55
57
48
60
56
54
58
45
46
49
54
55
57
57
57
55
56
48
51
55
51
55
64
48
47
49
62
54
49
52
49
50
58
48
44
44
49
48
41
51
45
44
43
43
50
43
45
42
48
55
59
36
37
40
53
60
53
51
45
39
42
40
44
40
39
48
38
47
44
49
45
48
43
48
53
45
49
49
41
42
46
44
49
60
49
52
56
47
54
67
48
48
46
44
62
49
46
48
46
45
44
39
41
45
40
39
48
43
45
50
57
42
45
43
46
52
52
54
55
53
56
58
47
62
53
53
56
54
57
63
62
52
56
52
51
46
52
43
45
55
46
50
52
54
55
50
58
53
52
55
50
57
45
51
45
48
57
47
45
52
56
49
44
43
56
46
46
55
55
49
44
41
49
43
46
47
58
42
45
50
51
51
48
49
53
42
46
49
54
49
49
47
45
47
43
48
50
49
49
52
53
49
50
44
51
59
53
48
58
43
38
50
40
48
42
43
41
45
44
54
46
44
40
46
41
49
40
41
38
39
42
40
47
47
51
42
42
44
42
48
45
52
48
43
40
44
48
42
46
50
40
44
41
40
45
44
47
48
54
47
40
51
50
45
54
47
38
52
41
50
54
47
49
50
50
44
43
50
46
40
48
49
45
47
42
50
47
50
53
54
56
57
48
57
44
50
55
51
53
47
50
53
56
55
58
56
61
43
54
58
50
47
49
48
51
55
52
55
56
54
56
50
44
50
49
54
52
57
63
51
52
45
49
43
50
52
47
50
57
51
55
55
51
51
48
59
48
52
46
52
