58
38
35
34
34
33
33
34
42
52
43
43
45
43
47
42
51
49
48
55
51
48
39
44
45
45
43
44
47
52
44
48
51
50
44
49
43
46
45
48
51
48
46
55
51
48
42
48
54
56
56
51
51
49
48
56
42
52
57
52
47
48
55
51
44
48
38
46
51
51
47
40
43
47
46
41
44
41
50
45
41
42
45
49
41
42
43
54
49
50
50
44
38
40
48
47
49
51
43
36
36
44
50
39
46
46
45
46
51
55
48
46
44
49
43
44
42
52
45
47
51
44
37
40
50
46
48
44
48
51
44
45
48
48
47
48
56
46
50
48
58
49
41
43
46
41
42
46
47
41
46
41
53
50
49
49
51
49
54
53
53
56
49
56
55
56
54
45
41
46
49
50
57
55
50
50
46
45
48
45
42
46
39
43
44
42
43
47
46
46
44
38
48
49
51
46
50
46
50
45
45
51
46
48
55
44
49
46
56
48
51
46
48
43
47
46
47
45
42
44
41
33
44
37
47
49
40
44
44
46
47
51
48
51
39
41
44
43
44
40
42
45
46
46
51
44
48
43
49
49
46
48
55
54
45
41
45
46
44
42
45
48
46
45
51
51
60
45
46
53
44
46
49
43
45
42
43
49
45
50
43
37
53
41
41
39
44
36
45
43
46
53
48
40
45
39
40
44
50
43
44
51
46
43
43
48
45
43
47
51
47
52
46
46
50
46
47
51
45
50
50
45
45
49
43
44
53
48
49
53
49
41
43
49
43
46
53
46
55
46
46
44
50
52
53
52
43
48
47
48
49
48
44
38
44
43
51
45
41
46
