53
51
35
35
35
33
33
33
41
44
50
48
48
45
45
43
52
49
50
52
51
45
43
50
46
46
42
44
55
52
50
43
53
48
55
48
42
44
48
43
53
53
47
50
55
47
44
47
53
53
56
53
54
50
47
54
50
44
59
53
51
50
46
53
52
40
41
46
55
47
46
41
49
41
42
45
42
49
40
43
42
47
49
41
43
41
43
54
53
47
48
48
38
43
46
48
54
44
43
36
35
44
49
43
46
48
46
45
51
53
50
45
43
51
43
46
41
49
45
46
52
42
39
39
55
43
48
44
54
48
44
46
51
48
49
49
57
48
46
49
55
52
42
41
41
43
40
45
46
44
46
47
49
48
51
49
49
54
51
53
58
55
45
57
58
58
54
40
42
48
50
52
58
53
46
49
50
50
46
44
43
44
42
42
43
41
46
47
50
47
41
40
52
49
47
45
55
44
48
49
50
46
48
51
50
46
49
53
46
47
52
52
45
45
48
51
43
47
41
54
39
41
42
37
47
48
44
43
44
47
49
53
45
48
40
40
43
46
44
37
46
49
44
46
44
57
45
43
47
50
46
48
59
52
50
44
44
50
52
42
46
57
46
53
48
48
62
48
47
52
46
45
49
45
46
49
42
44
55
41
56
34
44
36
40
37
42
39
43
44
50
50
54
39
44
41
45
40
47
48
46
44
47
43
46
44
47
42
45
51
51
52
47
52
48
52
44
50
47
47
46
46
45
54
43
45
46
55
46
53
55
43
42
47
45
43
51
53
50
46
45
45
47
50
57
48
44
50
45
45
48
53
41
38
46
44
45
47
50
42
