76
73
68
77
43
36
39
44
41
48
52
41
43
46
42
48
46
47
48
57
48
43
46
44
44
47
40
50
51
51
44
48
49
51
44
42
49
47
39
55
50
45
51
50
46
45
45
47
57
56
53
45
54
46
49
52
43
51
54
51
52
46
58
49
38
42
47
47
49
47
44
41
43
41
47
41
42
40
45
49
35
42
41
46
50
40
49
47
51
50
44
36
36
43
51
48
46
43
39
38
43
44
42
43
43
47
48
50
53
52
46
44
49
46
42
42
45
49
51
51
44
37
39
52
42
48
41
47
48
50
43
50
46
51
46
52
51
45
46
48
58
47
43
41
44
38
44
45
39
46
41
44
47
54
48
48
50
49
55
54
54
55
51
53
59
58
49
43
44
48
47
56
57
51
48
45
49
48
47
40
45
39
43
47
43
40
41
42
64
43
40
43
51
51
45
47
55
42
47
49
51
46
51
52
41
50
56
47
46
48
52
46
43
44
51
48
43
44
43
42
42
34
40
41
48
42
45
43
43
49
51
53
43
41
40
43
43
43
45
40
44
46
46
44
43
50
53
45
43
48
50
52
53
55
41
41
45
52
46
43
56
46
47
53
52
56
55
40
40
45
40
48
45
44
52
40
40
51
48
47
41
48
44
42
38
44
37
40
43
41
45
54
49
47
42
42
40
47
45
49
42
49
46
37
44
48
48
41
45
51
51
47
47
46
48
42
48
48
43
43
49
45
46
49
46
41
45
50
50
51
52
43
44
47
45
47
51
46
54
48
46
45
50
50
54
50
44
44
52
45
45
56
40
37
41
46
54
45
40
48
