46
47
49
47
42
43
47
52
38
52
46
46
56
46
45
48
50
52
49
48
40
38
41
49
49
48
46
48
46
46
47
50
44
46
57
45
51
51
49
47
52
50
52
53
50
51
45
40
47
43
39
42
38
39
43
40
37
39
38
41
46
39
39
41
46
51
45
41
40
42
43
37
57
44
42
42
40
41
46
47
45
49
52
60
45
39
45
47
44
44
39
40
38
38
43
48
42
41
39
40
40
41
39
41
49
49
39
49
47
48
53
44
49
42
42
42
47
34
40
49
46
40
49
51
55
44
44
51
41
44
46
51
48
45
40
41
39
45
51
41
44
54
45
44
43
42
45
41
44
43
43
47
48
42
46
40
46
45
45
41
45
48
40
50
49
49
52
49
42
47
46
47
46
41
46
39
42
42
49
42
39
45
46
47
43
44
41
40
43
39
51
44
44
42
52
50
50
45
49
49
45
48
54
46
42
41
46
42
39
40
40
42
38
40
46
40
39
43
43
42
39
36
39
43
39
44
52
43
43
45
42
41
42
36
37
44
50
49
42
42
45
57
42
49
44
44
55
42
42
48
43
46
46
46
48
51
47
50
47
47
50
53
51
51
50
44
45
41
43
48
45
51
51
52
45
49
45
50
47
43
50
49
40
41
45
48
45
44
45
44
43
45
49
45
44
47
49
43
41
44
40
46
48
47
42
43
39
40
42
38
46
44
39
41
39
41
46
38
37
44
42
40
45
47
55
43
36
34
31
32
31
36
