47
48
50
47
41
43
46
55
38
49
45
50
56
43
47
50
52
52
48
48
41
38
41
50
52
48
47
47
46
47
47
49
44
46
52
47
49
55
50
47
50
53
49
52
52
52
46
42
45
42
42
45
39
41
39
40
40
39
37
42
42
40
38
44
49
41
43
40
41
42
41
42
54
45
40
43
39
37
45
48
43
52
53
55
45
43
47
44
47
42
38
35
40
41
50
42
46
38
40
37
41
44
41
42
48
49
42
44
46
50
53
50
46
44
41
46
44
37
41
45
46
43
53
51
50
42
44
51
45
45
43
53
47
43
40
41
39
46
51
45
46
57
43
41
38
44
45
41
46
41
41
50
46
48
40
41
49
47
42
40
49
43
43
54
51
52
48
47
41
46
46
48
46
45
40
42
46
42
45
38
54
45
45
46
42
43
45
39
48
44
46
42
46
51
52
50
47
50
46
47
50
51
49
44
42
45
45
40
39
41
43
42
43
42
42
40
43
43
41
42
38
38
43
48
43
42
51
44
43
46
41
42
40
40
37
55
48
40
46
40
52
46
47
45
46
51
45
49
44
42
46
42
51
45
49
47
51
45
50
54
55
48
49
50
46
45
45
41
47
47
53
50
54
42
49
46
51
44
48
45
51
47
41
41
45
46
45
44
43
43
44
50
45
44
50
47
45
39
46
41
43
46
48
42
43
41
40
38
41
47
45
38
40
42
39
47
38
43
39
40
42
43
42
56
50
39
34
32
31
36
31
31
