46
60
54
44
46
37
44
49
38
37
36
61
58
59
57
52
39
43
45
49
44
43
42
49
51
53
48
52
52
52
51
50
46
50
52
50
51
45
53
59
50
50
49
46
50
47
39
32
50
54
55
60
58
54
57
56
55
56
57
52
56
55
51
54
49
56
52
44
45
51
46
51
50
57
55
50
56
50
47
51
47
49
43
49
53
48
48
48
47
46
43
47
51
46
48
52
47
52
46
48
47
48
45
45
50
40
43
49
61
55
42
52
52
50
52
53
52
52
50
50
46
45
44
47
45
43
47
48
53
49
55
43
47
54
53
55
55
51
53
50
43
47
53
52
50
50
54
51
50
48
51
51
49
57
59
54
54
55
49
55
55
60
47
44
45
55
55
47
49
56
46
48
49
46
49
44
46
53
53
49
52
50
60
49
55
42
56
59
50
48
44
52
52
52
45
51
48
49
55
55
60
54
57
47
56
55
52
57
55
56
53
54
57
57
47
48
47
50
46
43
45
50
53
52
57
58
49
49
50
49
48
47
47
53
45
51
46
51
51
47
53
44
47
48
57
55
52
61
53
56
45
49
50
47
45
49
49
50
47
53
48
50
47
49
51
49
55
52
51
48
46
55
49
53
46
48
47
54
53
53
57
53
59
50
50
54
48
49
49
57
46
47
48
53
50
48
44
45
51
47
49
50
46
45
48
44
58
44
42
47
55
54
59
55
55
57
47
52
51
43
44
47
48
50
47
43
46
49
51
53
64
51
55
52
53
48
49
48
51
49
52
57
55
51
49
49
46
47
42
52
47
54
44
55
50
48
44
51
46
51
