48
56
52
48
42
39
44
46
43
38
39
59
58
59
56
46
38
44
45
47
44
42
47
51
52
52
47
57
49
51
54
47
50
50
53
48
41
47
55
52
51
48
53
48
50
42
35
38
53
58
52
58
56
55
54
57
56
54
54
51
61
52
52
53
56
56
44
50
46
51
48
52
53
58
52
56
55
46
44
54
53
46
41
54
56
47
48
42
46
52
47
44
47
48
55
50
47
48
50
48
47
46
46
49
38
43
47
58
48
46
54
49
51
55
55
47
54
49
52
44
45
48
44
40
46
52
50
50
51
52
46
53
56
53
55
56
52
52
50
46
46
60
53
47
55
54
50
48
53
48
50
52
60
59
57
53
49
54
57
60
52
47
44
48
55
49
48
51
52
47
44
46
46
47
46
51
63
49
51
51
55
52
56
40
60
54
50
49
49
52
53
51
48
53
46
54
56
55
56
55
59
48
55
54
52
60
52
55
55
56
54
56
42
50
42
45
46
44
48
50
50
58
52
43
50
48
48
44
41
45
52
47
47
49
53
54
49
46
49
48
51
57
57
55
59
53
53
49
49
49
44
46
52
49
47
47
50
48
52
48
54
53
49
50
50
52
49
46
53
47
55
46
46
48
54
53
55
56
57
53
50
52
54
49
49
52
49
49
47
51
47
47
49
44
52
53
48
50
50
45
47
51
50
45
45
46
53
53
59
55
55
56
50
54
45
43
49
49
49
50
47
44
46
51
52
51
57
52
59
54
53
51
51
48
51
49
56
49
53
58
51
51
44
48
47
58
53
52
51
50
49
56
46
53
49
51
54
58
55
55
