41
54
53
44
42
38
44
43
44
39
37
59
57
60
56
46
38
43
45
48
42
41
43
47
53
55
50
50
53
52
51
49
49
50
50
49
46
50
47
62
52
50
49
47
50
47
37
32
45
57
55
56
55
56
56
56
57
52
53
55
55
55
48
56
52
56
49
47
45
49
46
51
53
53
57
52
53
54
46
43
48
54
45
42
53
48
54
48
42
45
55
45
44
47
49
52
48
54
46
51
46
46
47
45
51
40
41
49
56
52
43
53
57
48
50
56
51
50
49
55
46
45
47
47
45
45
45
50
53
48
48
48
48
53
54
54
55
53
52
51
50
46
46
60
47
48
58
48
50
51
48
50
48
55
61
61
54
56
50
51
60
53
48
50
46
49
53
51
49
51
49
48
45
44
46
43
49
55
50
51
50
53
57
55
56
39
60
52
47
56
46
51
52
54
44
51
51
48
55
58
53
64
53
48
55
56
51
57
56
55
56
54
60
59
50
51
46
47
44
45
48
47
49
51
62
50
49
54
48
47
49
51
46
49
44
48
55
50
52
50
46
47
47
49
55
56
55
56
64
53
48
49
48
41
46
48
50
48
49
48
55
49
48
47
54
47
55
51
44
46
47
54
58
47
48
46
50
54
54
55
54
55
55
48
56
53
47
49
53
53
46
46
55
48
47
55
51
42
50
48
51
49
47
44
45
48
47
52
46
47
51
58
62
57
54
55
51
50
46
48
44
46
48
52
47
44
47
48
48
51
58
59
61
50
53
51
48
44
48
46
51
54
59
48
51
48
44
51
44
55
54
51
52
47
53
49
47
44
47
53
