54
46
34
34
50
54
45
47
53
44
45
59
52
52
42
44
47
52
55
54
60
53
53
57
52
60
57
51
55
51
55
53
48
58
54
59
52
58
57
49
52
52
43
50
49
52
42
40
40
54
39
40
41
38
49
40
39
42
46
44
38
50
41
45
41
46
40
39
42
43
43
42
49
59
53
59
52
58
47
46
49
50
52
54
43
55
55
54
52
50
48
49
51
45
42
46
44
51
39
42
49
48
42
48
49
55
49
49
50
61
55
40
46
50
47
48
51
54
43
48
47
51
38
43
44
42
45
45
46
43
42
49
41
46
48
45
55
50
53
52
53
40
38
46
47
54
54
47
40
54
56
50
54
52
51
56
55
49
58
53
48
57
53
51
52
54
57
53
50
55
50
56
45
45
45
50
54
53
57
50
54
46
47
64
49
49
55
41
49
48
54
45
43
49
48
49
40
46
40
39
48
45
51
43
45
43
40
51
36
38
37
45
48
38
39
43
47
50
43
47
48
54
49
44
47
44
37
44
50
44
51
59
56
57
45
43
54
47
47
48
40
46
45
48
50
55
55
59
56
61
54
60
53
47
47
44
53
45
54
50
50
46
40
42
51
57
57
56
57
55
53
59
49
49
58
52
45
54
50
51
56
44
47
48
50
39
42
43
42
43
41
44
56
49
46
49
42
42
52
51
54
52
46
54
54
55
55
54
51
49
55
52
47
49
51
48
53
46
49
47
49
54
56
54
55
55
51
40
58
50
49
57
51
57
40
45
54
42
45
43
51
45
39
52
41
44
44
38
51
43
44
43
51
42
50
45
44
47
45
44
