64
53
47
44
51
46
46
49
47
41
41
52
41
49
45
41
42
43
43
44
48
45
41
49
43
38
42
46
48
44
43
50
45
49
43
49
49
49
51
41
51
39
44
41
44
42
49
45
50
44
45
43
39
45
48
45
45
47
47
42
44
41
43
41
46
48
42
51
45
47
47
45
42
41
40
39
46
50
49
47
40
44
47
49
41
47
44
43
42
44
43
43
49
52
55
56
51
55
44
43
41
43
45
42
46
62
45
53
48
51
44
44
51
50
52
52
53
50
55
52
55
50
43
41
45
37
41
53
60
57
54
52
55
55
56
52
55
52
53
57
52
48
46
45
48
49
46
49
48
46
47
48
48
42
48
45
43
52
45
40
40
40
41
51
44
44
43
41
42
45
45
45
46
45
47
48
42
44
40
45
44
44
40
39
42
43
41
48
41
38
39
40
42
50
45
43
47
39
50
54
51
54
48
44
43
50
43
45
45
46
57
48
41
45
43
45
54
54
52
52
42
47
47
46
49
45
48
54
51
49
49
50
50
57
53
53
49
49
50
42
48
57
56
51
58
53
47
48
59
47
51
57
50
53
49
52
51
44
59
51
51
57
54
56
53
51
55
47
54
55
52
53
52
50
55
54
47
53
39
42
45
47
46
37
39
38
40
41
49
41
45
47
40
51
51
42
46
51
46
49
54
40
54
48
43
41
39
39
40
37
37
48
45
41
39
39
40
44
42
43
49
41
37
44
45
50
52
40
44
39
39
41
39
44
50
48
37
49
56
52
49
53
50
50
51
50
49
51
49
51
54
55
47
53
51
46
49
42
45
43
