46
56
49
44
53
45
50
45
44
41
42
46
51
43
44
48
44
44
47
43
45
44
42
45
49
40
39
45
45
44
41
47
45
45
42
46
53
47
47
41
52
42
40
39
43
46
46
46
49
44
43
45
41
44
42
46
49
47
41
44
42
40
45
39
45
47
41
48
45
47
42
46
46
40
40
42
42
46
50
44
43
41
40
52
42
46
43
41
42
44
45
40
44
47
57
54
52
50
51
42
42
43
41
46
51
54
56
49
48
47
48
41
51
48
56
46
51
53
55
53
53
56
43
41
40
39
42
52
58
54
56
47
51
50
48
49
49
54
55
52
53
46
51
42
48
46
48
49
48
48
50
49
38
51
46
44
45
47
41
40
41
42
48
49
42
48
40
45
41
46
46
46
52
41
46
44
44
51
39
46
44
41
40
45
40
39
44
42
42
39
43
38
43
47
50
46
45
43
56
52
58
50
46
45
43
50
41
48
46
53
54
53
45
43
42
49
55
52
58
48
43
52
47
52
48
46
46
60
46
53
47
51
51
50
57
50
51
55
46
45
51
54
54
52
57
51
47
56
52
48
52
49
56
47
52
49
49
45
54
53
53
51
55
57
53
51
55
50
50
51
54
55
50
54
49
54
46
48
47
40
44
46
49
43
38
40
39
40
41
45
44
44
42
46
57
46
39
53
42
51
56
41
46
50
47
47
36
38
43
40
37
44
44
42
37
40
39
51
46
40
50
45
40
44
38
50
51
46
39
43
39
41
39
42
51
50
37
43
61
53
56
50
50
51
52
50
47
50
49
48
48
58
52
53
49
44
53
43
43
43
