58
54
47
44
53
48
44
45
44
43
41
41
48
47
44
42
44
43
45
42
43
45
44
43
50
40
40
44
46
45
45
43
45
43
44
46
53
47
45
43
54
35
39
41
44
44
44
49
50
42
49
42
40
43
43
50
47
41
43
45
40
45
41
40
48
44
48
45
45
42
46
47
41
40
43
43
44
55
46
43
41
42
55
43
46
44
44
40
44
47
43
47
48
49
55
58
50
48
43
42
40
42
42
44
55
54
54
55
41
46
42
50
48
51
54
49
51
56
52
57
52
47
47
43
40
39
48
57
58
58
53
58
53
58
47
46
53
43
52
45
42
49
44
45
48
42
52
50
41
48
52
46
43
48
46
49
43
48
41
39
40
40
47
48
44
44
39
46
49
45
45
45
54
41
45
43
48
54
38
45
43
36
39
45
41
36
43
44
38
37
42
39
46
54
45
47
44
46
56
55
57
49
45
41
51
43
44
47
54
50
53
46
44
43
45
51
54
55
48
44
47
50
46
46
47
49
57
47
52
44
52
50
51
62
45
49
52
46
44
53
53
57
49
57
54
47
52
55
51
54
50
51
48
56
49
48
53
53
55
52
52
59
50
52
50
55
47
51
56
49
53
53
50
58
48
47
54
45
38
49
43
50
37
38
42
39
42
42
47
44
43
44
44
57
45
40
49
46
53
51
46
49
52
43
44
37
37
43
37
36
43
46
43
38
46
40
49
40
43
48
44
36
45
39
50
50
48
37
37
38
41
38
44
46
49
38
47
54
55
52
49
50
53
50
55
48
51
49
49
56
53
52
50
52
49
46
44
43
48
43
