53
60
46
42
60
44
43
43
45
42
45
48
45
44
45
42
45
48
43
43
44
45
43
47
45
39
41
46
44
46
43
44
48
42
46
48
50
49
46
44
51
35
43
40
44
45
44
48
50
43
45
43
42
42
42
47
46
42
49
40
42
41
42
41
52
42
44
48
46
48
44
42
40
40
42
41
48
51
46
46
41
41
51
42
45
43
36
38
35
39
38
39
43
47
44
50
42
37
42
33
35
36
37
44
57
47
53
44
47
51
40
50
52
51
49
52
54
55
53
53
50
43
41
41
43
42
54
57
59
53
58
54
57
56
50
56
56
57
55
55
47
49
43
48
46
50
48
46
50
50
46
44
50
49
44
44
48
44
38
41
39
44
45
52
44
43
41
44
45
46
48
46
49
43
46
43
44
41
45
46
44
40
41
41
43
41
49
40
40
39
40
40
48
55
48
44
50
46
56
56
51
49
49
42
44
45
47
48
45
54
59
45
45
42
45
48
53
54
50
47
46
49
49
48
47
48
51
52
48
46
49
53
51
58
51
48
55
46
47
49
55
55
54
50
61
47
49
51
57
47
56
53
50
50
51
53
49
48
57
52
52
47
57
54
56
51
51
51
52
56
49
51
55
53
53
50
48
50
40
43
46
50
47
38
40
39
39
42
45
41
42
47
41
46
54
46
46
48
41
56
53
40
49
55
42
41
36
37
42
41
38
40
43
44
37
44
45
43
41
41
53
46
35
43
40
49
59
40
39
38
39
45
38
43
45
48
41
45
57
55
49
53
54
54
50
50
54
46
50
50
53
56
47
51
55
45
46
42
49
43
