50
60
45
46
51
48
42
51
44
41
41
44
43
45
48
44
46
43
42
45
48
46
42
44
46
42
41
43
45
46
41
48
48
46
42
47
50
52
46
42
49
47
38
37
43
43
47
45
50
49
43
43
45
44
40
46
46
48
40
41
45
41
42
42
46
48
40
48
51
47
42
45
44
45
40
41
41
46
49
46
47
42
41
53
42
49
43
42
41
45
44
48
45
43
54
56
59
49
45
40
44
42
42
42
46
58
53
52
46
46
51
41
49
52
51
47
53
48
59
51
53
52
43
41
41
41
41
54
55
58
61
53
57
55
55
54
54
54
53
53
51
50
45
46
47
48
46
53
51
44
52
45
40
49
50
47
42
47
43
42
45
38
43
45
41
49
43
42
40
45
46
47
52
43
45
47
46
44
46
41
46
44
39
41
44
42
40
47
44
38
38
43
40
46
51
50
46
42
47
58
57
52
49
45
45
47
50
43
47
51
55
52
48
44
42
48
55
54
54
48
43
48
51
51
47
47
45
55
48
49
52
49
50
56
52
59
47
51
54
44
48
58
50
53
57
51
53
49
51
54
47
58
55
47
55
53
52
47
53
53
52
56
50
58
53
53
55
48
51
53
54
53
48
55
51
54
48
48
51
39
41
47
48
44
39
38
38
40
43
47
41
43
44
46
51
51
42
49
44
47
55
46
41
53
50
48
39
38
39
40
41
35
42
43
41
37
45
47
43
41
48
52
46
38
42
41
49
52
49
39
38
40
41
43
43
44
47
38
50
54
60
46
48
52
50
48
53
47
49
51
49
49
62
49
49
57
47
45
42
45
