57
53
47
50
34
43
45
46
47
45
46
49
55
43
45
44
45
39
51
48
48
50
46
50
55
42
44
42
49
51
46
43
45
46
46
47
55
43
52
47
49
51
46
46
46
50
50
58
51
54
57
47
54
51
49
53
50
50
53
55
55
53
49
51
50
47
54
46
52
51
50
52
52
50
47
47
43
51
46
44
49
48
51
43
44
54
49
45
49
50
53
50
49
53
56
52
47
55
46
46
48
52
39
40
47
49
47
45
53
52
53
48
46
44
52
48
47
51
59
53
52
53
49
50
55
45
46
45
48
50
48
50
47
44
44
49
49
46
48
46
54
55
53
52
52
49
48
48
53
49
49
50
50
48
52
46
47
54
52
53
52
56
57
56
65
55
57
56
50
55
48
54
51
53
50
57
46
47
56
47
47
46
51
47
48
47
48
51
44
48
49
52
42
44
45
48
51
52
55
52
55
53
59
53
58
52
56
56
60
52
52
46
52
53
59
54
60
48
50
54
50
47
53
50
51
51
53
58
56
50
53
55
52
52
53
54
52
52
47
48
54
52
50
49
53
49
44
47
53
54
55
59
52
57
47
42
44
45
37
40
56
52
50
49
48
48
45
46
57
44
43
45
46
48
43
52
47
47
47
53
44
50
48
49
42
50
52
48
55
60
54
49
56
51
49
49
52
52
50
54
50
53
54
50
52
52
51
50
55
50
48
53
46
43
43
48
46
50
45
48
43
46
44
47
50
51
47
51
54
55
47
58
47
46
49
46
48
46
45
56
52
48
45
45
57
48
57
43
40
49
54
51
48
42
40
51
53
45
49
48
