61
53
47
53
34
34
46
46
46
50
47
50
47
49
47
44
46
37
51
51
46
46
51
50
50
47
46
43
48
48
50
42
46
43
47
51
49
46
47
47
51
49
46
50
45
49
54
55
55
55
55
52
49
48
52
50
48
54
51
52
51
56
53
51
50
52
49
49
52
51
52
54
49
50
58
46
45
47
45
47
51
50
51
59
42
48
51
52
46
47
48
49
53
50
49
57
53
45
46
45
51
50
46
39
40
54
47
48
45
56
50
50
47
50
44
49
50
52
49
52
52
59
48
47
48
53
46
46
48
46
51
47
49
46
45
44
46
51
46
47
46
52
58
55
51
51
50
49
50
51
52
50
51
46
55
52
47
49
50
51
52
53
54
55
57
61
56
60
58
51
51
54
50
53
52
52
49
53
48
50
50
49
48
47
49
48
47
48
48
53
50
56
57
58
51
50
53
57
52
52
50
59
54
53
59
55
56
55
57
55
59
55
52
47
54
50
54
55
59
50
52
52
49
45
59
50
53
54
52
57
56
53
54
53
55
52
55
57
52
53
53
47
52
53
51
48
48
51
46
49
53
52
55
58
52
55
52
50
49
55
49
33
48
56
51
52
45
46
44
45
48
50
44
45
45
45
46
50
48
45
45
47
49
52
49
52
49
44
50
51
48
56
58
53
52
53
50
50
50
54
50
52
52
50
58
44
57
45
41
42
47
44
41
48
38
37
37
45
38
43
37
42
36
39
35
41
45
41
46
47
41
26
20
13
26
37
43
42
51
45
45
43
51
56
50
51
50
48
47
50
49
47
44
44
56
46
49
49
60
48
