56
51
47
50
34
36
46
48
48
46
47
56
49
46
44
45
46
40
50
47
48
50
47
53
51
45
44
44
50
48
44
43
43
45
52
54
46
43
49
48
48
50
47
45
48
50
58
51
57
51
60
52
51
51
50
50
50
53
54
50
52
55
49
48
52
47
51
51
49
53
54
46
48
47
50
46
44
47
46
48
51
53
50
43
45
51
55
46
48
48
51
48
54
47
55
50
48
46
44
51
51
45
39
41
54
45
40
46
55
51
51
51
45
45
50
55
50
49
52
59
52
48
45
53
45
45
46
52
47
50
47
48
46
46
45
49
51
47
47
56
50
52
55
53
50
50
48
50
52
50
52
53
45
51
51
48
47
52
52
48
51
59
57
61
57
59
61
47
52
58
49
53
54
52
58
56
45
50
54
49
48
49
51
47
47
52
51
46
50
57
56
56
50
51
54
57
52
56
52
55
55
53
60
53
56
56
55
60
58
51
51
48
51
55
51
56
60
48
53
49
52
46
52
51
48
52
57
60
59
54
53
60
53
49
57
56
53
51
47
52
52
55
46
53
50
47
44
49
52
57
56
58
52
51
53
54
47
50
40
41
57
50
54
48
45
49
45
47
49
50
43
47
44
52
48
48
46
50
51
48
47
50
52
48
45
54
49
55
54
57
60
50
51
53
50
50
51
56
50
52
54
55
52
51
48
50
52
53
53
53
48
48
46
54
40
46
46
52
43
44
46
47
44
47
55
53
50
45
54
53
50
51
45
46
50
44
48
50
48
47
50
49
40
47
59
53
60
44
44
46
53
39
46
49
42
50
48
58
48
51
