64
55
48
46
37
38
45
45
45
51
46
53
44
48
48
44
47
38
56
43
46
46
52
49
49
43
46
44
48
46
54
41
42
47
46
50
47
43
48
52
51
47
45
47
47
50
54
53
55
53
54
50
53
52
53
50
51
53
49
56
51
57
51
48
49
52
50
45
54
53
51
53
48
51
48
47
44
46
48
47
50
52
55
41
47
50
52
48
49
50
51
48
49
50
59
50
48
45
46
52
49
49
38
41
52
51
42
46
54
51
49
46
50
45
49
48
52
51
53
53
59
49
47
49
52
45
47
44
45
50
47
49
49
45
44
49
52
48
48
46
59
51
51
52
51
49
48
50
54
56
51
48
51
49
50
48
47
50
53
57
49
57
57
57
66
57
58
55
49
55
50
51
59
52
48
50
54
48
51
49
49
52
51
49
49
45
47
52
50
54
58
54
54
51
50
56
53
58
51
59
54
54
57
54
55
62
54
57
57
58
53
51
52
55
50
56
57
55
53
47
53
46
50
53
52
49
52
57
57
52
53
58
56
56
56
54
56
50
51
47
51
51
56
55
47
52
51
48
47
52
57
56
58
53
51
51
51
51
49
36
45
56
48
52
57
45
43
48
46
54
47
42
47
42
47
48
53
47
47
47
49
47
53
47
45
45
50
50
55
53
55
56
52
52
51
56
49
51
57
51
51
55
51
48
59
47
51
50
55
52
46
47
45
50
48
44
51
46
48
43
39
48
40
46
51
50
47
55
48
52
47
55
47
47
50
53
47
45
45
56
50
48
44
52
56
53
54
43
40
48
57
50
46
48
41
52
50
45
55
55
