11
20
16
15
17
17
15
12
15
13
14
12
16
13
15
14
19
17
14
16
16
16
14
20
13
11
11
19
14
17
19
24
 8
14
19
18
12
 8
 7
16
 8
 9
11
12
12
15
16
12
18
20
10
11
 8
11
18
13
14
15
14
18
15
16
11
13
 8
22
12
13
12
12
13
 8
17
20
15
14
18
13
21
12
12
15
15
22
20
20
16
18
18
20
12
13
13
14
10
18
17
13
15
12
16
12
 6
11
16
10
 6
12
11
12
11
14
12
19
13
10
11
 9
11
12
15
12
14
13
11
12
11
27
13
 9
 8
 9
 9
11
14
 9
15
11
12
10
11
11
10
11
16
10
15
16
10
21
14
14
11
15
 8
10
14
10
20
17
20
 7
15
11
17
13
15
13
18
10
10
13
 8
16
12
13
 7
17
17
14
14
23
21
12
 9
 9
16
14
11
13
11
 9
14
12
11
19
20
12
10
13
10
18
12
11
12
12
11
12
19
16
16
12
17
17
21
10
25
19
13
17
18
19
12
12
10
10
 9
 8
13
 8
14
12
 6
21
18
13
 9
11
11
10
 9
17
13
13
 7
10
11
13
11
20
10
 6
 9
 7
 9
 7
 9
11
16
 7
 6
10
 6
 8
10
 8
13
11
10
18
 8
20
 7
 7
12
 6
 9
 8
 9
11
13
 7
 9
 9
10
14
 7
 9
16
16
10
10
10
 9
10
 9
18
 8
10
 9
10
12
14
12
 9
17
16
16
16
11
16
11
11
12
 8
12
21
 9
 9
 9
11
11
 9
12
13
12
14
11
 8
10
13
 6
14
17
11
10
11
 8
11
12
15
 8
 8
10
12
17
19
13
12
15
 9
22
21
15
14
10
12
 9
16
 6
13
 6
12
16
11
22
 9
12
13
11
10
 8
 8
12
16
 9
23
19
17
23
19
12
24
17
11
 9
15
19
20
14
11
17
15
11
14
13
21
16
13
12
11
10
18
10
10
 9
12
 6
 6
10
 9
20
14
13
17
13
19
10
 8
 9
10
11
14
10
21
11
 8
14
12
17
 8
22
 7
 9
 9
 7
 8
20
 8
 8
20
13
 8
 7
10
10
 8
 6
 7
17
18
 9
 8
11
12
18
10
18
 9
13
 8
11
10
10
21
11
 8
 8
 6
10
 9
10
10
19
 7
10
 4
10
 8
 9
11
11
17
12
16
 8
10
13
16
14
 9
11
16
11
10
10
17
16
14
17
13
13
19
16
20
16
 9
 8
13
10
11
10
22
15
 6
14
15
21
18
 5
 7
22
12
17
13
15
23
17
15
10
25
13
11
 9
10
14
19
18
15
12
 8
14
13
13
12
11
11
 6
19
 6
17
10
 9
 9
10
12
12
10
11
13
 9
 8
 6
 7
 6
 8
 8
 8
 8
10
 9
 8
17
 7
 8
 7
 9
 6
 9
 9
 7
 9
15
16
 8
10
12
18
19
14
17
22
14
14
11
 8
 9
 8
 7
11
 8
10
11
 8
19
12
21
19
13
26
14
13
10
13
10
10
14
16
21
 9
20
11
 9
 7
17
12
14
15
15
16
18
13
10
26
16
12
16
 8
25
16
11
 8
 8
12
13
12
 8
 8
 7
14
13
10
 8
17
15
19
11
12
16
23
22
12
16
14
23
15
14
 7
13
12
18
13
15
14
13
18
14
25
19
11
13
13
15
 8
10
 8
 8
 8
19
11
12
 5
 7
 9
11
12
12
18
27
15
 9
15
 9
 7
10
10
 8
 9
 9
 5
17
14
19
15
13
17
19
14
 4
13
11
19
 5
22
20
17
11
10
18
18
 9
 9
10
 9
13
10
19
10
10
10
 9
 9
 8
 9
11
17
11
 9
14
11
12
12
19
 7
11
 9
20
13
 6
13
 7
 8
12
20
 6
10
15
11
10
19
19
22
10
10
17
 9
10
11
16
 9
12
18
21
17
12
27
12
17
13
12
16
16
20
11
11
12
13
11
24
18
15
11
20
12
12
 8
11
19
 9
12
14
15
12
22
15
13
17
10
14
23
15
12
15
13
24
11
18
15
10
23
12
11
10
14
12
13
 9
 5
12
12
13
11
19
 9
12
11
15
11
 8
10
14
11
 7
24
12
13
16
21
12
 5
11
 7
12
12
15
17
13
11
11
15
20
12
13
13
 8
16
20
12
10
12
13
17
19
 9
11
18
16
11
16
10
11
12
 6
10
 5
16
11
 9
11
12
13
13
14
14
 9
 8
12
10
11
14
20
14
16
19
15
14
12
12
12
14
13
12
13
11
15
15
12
12
16
15
35
50
58
51
50
48
39
19
14
10
18
19
19
12
12
11
14
18
18
12
16
12
14
19
20
14
13
16
11
13
17
19
16
14
10
14
13
21
14
12
15
12
15
18
13
13
11
10
19
11
12
 9
10
 9
11
20
10
 7
 9
10
 7
10
20
19
11
 8
11
 8
 9
 6
11
12
12
12
11
11
 8
 6
13
10
10
21
12
 7
13
 5
 7
11
 9
11
17
 9
16
11
 8
 9
11
15
 8
 7
10
12
 9
 9
 8
 6
14
15
18
10
11
12
14
 8
24
12
10
12
18
11
13
13
19
10
 8
10
 8
11
14
15
10
10
12
 5
10
12
19
 9
15
13
19
12
21
10
17
12
 9
24
17
 9
 5
 6
16
20
17
14
 7
 9
24
10
10
10
16
15
 6
14
18
12
11
11
 6
13
11
14
27
 9
 9
 8
13
13
17
10
11
13
 8
10
13
17
11
 9
 7
10
 9
 9
14
13
10
14
15
13
17
11
 8
18
10
14
16
14
 9
12
 6
11
 5
21
11
10
13
12
10
10
15
13
17
15
17
16
23
10
10
19
14
16
22
17
 8
10
22
23
10
14
15
13
22
15
11
11
11
17
24
15
16
15
15
14
 9
11
12
17
12
10
15
12
14
16
10
12
10
12
12
 9
21
20
14
11
 9
13
17
 9
16
16
12
16
16
22
16
22
18
14
15
17
15
11
18
19
15
12
12
14
22
11
15
17
11
14
18
15
11
12
 9
22
 7
14
13
12
13
11
21
20
14
18
14
11
23
21
15
12
14
16
19
15
14
12
13
17
14
12
14
14
14
19
14
10
11
17
14
14
18
14
 7
14
 6
19
10
 9
 8
10
 8
19
13
16
12
16
 7
10
12
11
12
14
17
19
18
13
12
14
13
15
18
19
11
15
11
14
18
10
10
13
12
12
19
14
10
12
 9
17
17
13
14
13
20
20
14
10
16
13
17
19
13
11
10
 8
20
 9
15
13
11
12
13
21
15
12
11
 7
11
 6
 9
15
 9
 9
 9
 9
11
 8
10
 9
11
15
16
11
12
10
15
11
14
17
11
11
12
11
 8
 8
23
 8
 9
 8
18
11
10
10
 5
22
15
 9
 7
 9
11
11
10
12
20
17
 8
 9
 7
11
17
10
11
12
10
10
 9
17
15
13
 9
13
10
11
14
19
11
11
 8
13
13
 9
17
13
 8
13
 9
12
 8
18
13
12
12
11
 9
18
17
19
14
 8
 8
 9
10
11
21
 9
12
 8
10
11
10
13
10
20
10
11
10
11
 9
 8
14
14
 9
 6
10
 9
10
 9
 9
13
11
 8
 8
 6
 8
 7
 9
 8
 9
 5
19
16
 9
 7
 9
 5
13
 6
20
 8
 9
17
 9
 9
10
 6
20
14
18
 9
 9
11
 8
 8
13
15
16
 8
13
15
15
13
18
11
 8
 9
 6
10
 7
 7
 5
 8
 9
24
 8
10
 8
 9
 9
13
11
10
12
12
 8
 9
 9
11
 9
13
 8
12
 8
13
 9
19
25
14
17
14
14
16
14
11
 9
 9
10
 8
 4
 9
 7
 4
 5
 3
 3
 4
 3
 8
 2
 6
 2
 3
 7
 3
 4
 4
 5
 3
 5
 2
 4
 3
 4
 3
 4
 4
 4
 2
12
42
14
 0
 0
 0
 0
 0
 6
 4
 0
 1
 0
 0
 0
 0
 0
 0
 0
 0
 0
 4
 1
 3
 0
 0
 0
16
 5
 0
 0
 0
 0
 2
 0
 4
 0
 0
 0
 0
 0
 0
 0
 0
 6
 0
 4
 2
 0
 0
 4
58
41
 0
 1
 0
 0
 0
 0
 0
 0
 0
 0
 0
 0
 0
 0
 0
 1
 3
 2
14
 0
 0
 0
 0
 0
 0
 0
 0
 0
 0
