12
12
15
13
12
12
13
12
15
14
13
14
15
14
14
13
14
12
13
12
13
14
12
 6
 7
 7
 6
 8
 5
 9
 9
20
 6
17
22
13
12
 9
 7
19
 8
 9
11
11
13
12
15
11
12
12
32
11
10
10
11
16
13
15
24
13
13
15
11
18
14
11
 9
10
13
12
19
11
10
12
16
14
23
17
12
14
15
16
16
18
14
24
12
13
13
13
17
19
14
14
10
 9
18
 9
14
 9
13
 3
 7
12
13
 8
18
10
10
14
 9
11
11
15
13
10
 9
 8
12
 7
17
 9
13
14
11
 9
11
14
13
 9
 9
 9
12
10
12
10
11
16
10
11
10
13
19
14
12
 9
12
17
13
19
15
14
11
10
 7
16
13
14
12
17
13
13
18
10
14
14
14
15
22
12
12
 9
12
10
16
10
11
11
16
19
10
22
23
13
11
 7
15
12
 8
13
12
 4
11
14
12
17
21
14
 9
15
12
17
 8
13
10
12
13
14
13
23
13
14
18
15
24
 9
14
25
21
13
22
17
16
12
 8
 8
10
 8
11
14
10
23
 9
11
 9
 9
11
 9
23
 9
12
 8
 6
12
 8
18
11
 9
11
14
 5
11
16
 9
 8
 8
11
 5
 9
 7
 9
 8
 9
14
14
11
 9
12
 7
10
 7
 7
 7
21
15
13
11
 9
 5
12
 8
 4
 8
 9
16
12
10
11
 6
12
10
10
10
20
11
12
 7
 9
 8
 9
10
15
18
11
11
10
 9
13
14
14
21
12
10
12
11
18
12
12
10
10
 8
 9
18
11
11
 8
10
 5
16
28
15
11
 9
16
12
11
11
14
 9
12
 8
10
 9
 6
 9
10
17
20
15
14
14
13
22
14
10
17
10
10
10
12
 8
11
 6
13
12
14
11
16
12
11
10
 9
11
 7
11
13
12
10
27
16
17
16
11
14
16
21
22
11
15
17
19
18
15
11
14
14
20
20
11
12
13
16
17
 9
 8
 9
10
11
11
15
 7
10
 9
13
15
13
17
19
10
 9
 9
11
20
10
12
14
 8
10
 6
19
11
14
 9
14
 3
 9
 4
21
 5
10
10
 8
17
16
11
 5
22
11
10
 7
 8
11
13
12
 4
18
14
19
14
 5
11
19
13
11
 7
11
41
59
48
30
61
42
10
 8
10
 7
 8
 7
15
 8
 9
 9
 7
12
 6
19
 3
22
10
11
10
11
10
 8
17
14
10
 9
16
14
12
16
20
14
12
14
13
19
18
15
13
10
14
 9
14
13
18
11
17
15
17
15
19
10
12
18
14
16
20
13
16
27
13
14
14
14
10
12
 9
12
18
22
12
 8
 7
 6
21
11
13
11
 7
 8
 7
 8
15
14
 7
19
10
12
11
 8
 9
 7
 7
 6
16
 8
 7
 8
 9
 7
 9
 6
 8
10
 7
10
 8
15
 6
 6
10
 8
11
12
 9
11
15
11
16
18
18
14
21
11
10
 8
10
 9
 9
11
10
11
 5
 7
 8
 8
 8
14
20
24
19
24
21
10
10
 7
12
11
19
 6
 8
11
14
11
 6
18
16
17
 9
11
15
21
19
 8
19
17
12
14
14
12
13
13
20
10
 7
10
11
 7
 9
15
 9
17
12
11
 8
12
11
24
13
10
16
14
24
12
21
25
14
11
21
14
16
 9
10
14
15
13
11
27
14
17
14
15
 7
14
12
 8
12
16
 8
12
 9
 8
10
11
11
10
10
13
12
17
16
25
 9
10
11
 9
 9
20
 9
 9
10
 7
 9
14
13
18
19
11
 9
11
11
29
16
21
 6
13
14
18
10
10
15
10
16
13
10
11
12
 9
13
 8
20
 6
11
10
 7
 9
13
10
 8
16
10
15
10
10
14
11
16
12
11
15
10
10
 7
 9
20
15
 7
10
12
14
 9
19
12
12
11
11
25
11
12
12
15
13
13
16
21
14
17
21
13
16
13
14
10
21
14
15
 9
13
16
11
23
20
16
10
18
17
12
13
 8
15
13
11
10
18
15
18
14
13
15
17
13
15
14
15
22
16
15
11
15
13
20
11
21
14
11
18
12
 9
 8
 8
 9
10
16
13
11
 9
11
10
11
12
16
10
 6
10
 9
23
11
20
12
13
 9
 9
12
15
12
14
12
12
14
11
17
12
16
11
14
17
15
 9
14
12
12
17
 9
 6
 9
11
 9
12
21
13
13
19
 9
11
12
 8
15
 9
 6
 9
 9
12
 9
15
10
20
 9
 8
10
10
 7
12
22
12
15
14
13
11
11
11
18
13
 8
14
10
19
11
14
11
14
12
17
15
24
20
21
18
12
18
14
16
10
15
15
31
11
14
12
14
11
22
15
11
18
11
18
18
14
13
14
15
22
10
13
11
13
21
10
14
12
14
14
18
13
10
13
13
21
13
10
12
 7
17
11
13
19
11
14
13
 9
 9
 9
18
 8
 8
12
10
 9
 9
20
10
20
 7
12
10
 8
 9
12
13
 8
13
15
13
 9
10
12
 8
11
 8
14
11
14
12
 7
 9
16
 9
 7
13
14
 9
 7
 8
 9
11
 9
11
 6
14
13
13
20
10
10
12
21
12
15
 7
10
14
14
13
13
13
20
18
 7
 9
10
 8
11
11
12
10
13
11
10
12
12
10
14
10
26
15
 9
19
14
15
 9
16
15
10
 8
16
19
20
18
14
10
 6
24
12
11
 8
13
13
 9
18
16
11
16
 7
 8
11
13
14
13
11
 9
11
17
13
20
 9
12
12
10
10
12
18
12
 5
10
 9
11
11
 9
18
10
13
15
11
16
 7
11
15
15
12
14
13
14
14
 6
13
 8
10
 8
20
14
13
 9
 6
13
11
18
21
18
17
19
12
10
18
10
15
23
25
 9
 9
23
22
12
14
13
16
18
18
14
12
10
17
21
18
18
14
13
14
10
12
11
18
10
11
13
12
12
15
10
12
12
10
15
 6
23
18
19
10
 9
 7
18
 8
11
17
11
16
19
21
14
17
14
14
15
22
21
13
18
19
14
14
15
11
22
16
13
16
12
13
18
13
10
12
12
18
10
12
13
11
12
14
22
18
11
18
14
15
23
20
15
16
12
21
18
12
14
14
 9
22
12
12
14
12
18
13
13
10
10
12
18
25
23
16
 9
14
 9
17
 7
11
 8
11
10
11
12
12
17
18
 7
10
10
12
11
16
20
14
12
15
10
19
17
12
15
11
12
23
10
11
13
 5
19
12
12
13
11
13
18
12
 9
12
14
15
17
13
12
11
16
26
13
18
14
14
15
20
11
10
 7
10
12
12
23
14
12
12
11
17
16
11
 9
 9
10
 8
 7
 8
15
12
12
 6
 9
 7
11
11
12
 8
20
13
12
11
13
13
 9
12
20
11
12
 8
 9
12
11
11
10
11
14
16
 8
 8
12
10
20
13
 9
 9
11
13
10
20
12
18
15
 7
 9
11
12
10
15
14
14
10
12
 9
13
10
18
13
11
12
 9
10
10
17
18
14
 9
 7
10
10
11
19
11
 4
11
 9
11
13
22
11
10
10
14
19
11
12
19
20
10
13
10
14
 8
 8
12
17
13
10
10
 9
12
13
18
10
11
 6
 9
 8
10
 8
11
19
12
10
 6
 8
 8
 7
13
 9
 7
12
12
13
 9
11
15
 8
 8
 9
11
 6
26
 8
 8
 8
 8
 9
12
22
 9
14
13
11
10
11
11
11
12
10
12
11
13
 8
11
19
20
 9
11
 8
 8
 9
 9
19
16
 8
 7
 7
 9
 7
 6
14
 7
 8
11
 5
12
11
11
12
10
 6
10
13
11
12
11
10
13
 7
12
14
16
18
18
23
13
12
18
 9
10
 9
11
 6
 8
 6
 5
10
 3
 5
 5
 4
 2
 5
 3
 6
 3
 5
 3
 4
 2
 5
 3
 4
 2
 3
 5
 3
 3
 3
 3
 3
 4
 2
 3
14
51
 9
 1
 2
 0
 0
 4
 4
 0
 2
 0
 0
 0
 0
 0
 0
 0
 0
 5
 3
 2
 0
 0
 0
 5
16
 0
 0
 0
 0
 5
 0
 3
 2
 0
 0
 0
 0
 0
 0
 0
 4
 0
 2
 2
 0
 0
 0
 0
51
53
 5
 0
 0
 0
 0
 0
 0
 0
 0
 0
 0
 0
 5
 0
 0
10
10
 0
 0
 0
 0
 0
 0
 0
