16
12
12
13
13
10
14
13
14
12
14
16
13
15
14
14
14
12
13
13
14
13
12
11
 6
 7
 8
 9
 6
 9
 6
10
 9
14
16
22
12
10
 5
12
10
 6
14
16
13
13
15
11
17
13
10
26
 7
15
15
12
14
15
16
21
12
15
10
10
12
19
11
 9
12
13
13
12
18
16
16
16
19
16
20
11
14
13
13
23
19
14
14
17
19
17
10
12
18
18
11
11
12
 9
22
11
10
 5
 7
 8
11
 7
 9
18
12
12
11
11
11
10
16
10
12
 9
12
 9
11
 8
22
11
 9
10
12
10
 6
19
11
12
 8
11
11
10
11
 8
15
15
10
11
11
 9
 8
13
13
18
10
17
12
15
 9
 9
15
18
11
11
17
13
16
10
16
16
17
14
13
13
24
16
15
 9
10
11
 8
18
11
17
18
12
22
19
17
11
10
10
21
 9
11
12
11
13
16
12
12
18
12
21
10
14
11
11
14
16
12
14
12
11
20
14
16
12
18
22
18
10
16
20
21
21
19
16
10
12
11
 7
11
 9
11
10
19
18
 8
12
 9
 9
 9
18
14
16
 8
 8
10
11
 9
22
11
10
14
11
 7
 9
18
10
 8
10
 8
11
10
 7
 8
 8
 7
10
15
15
16
19
12
 9
 8
 9
 6
 8
25
 7
18
 8
 6
 8
11
 5
 8
 8
 9
11
10
15
12
13
10
10
10
10
10
21
 9
 7
10
 8
10
13
 9
11
22
12
 6
19
12
21
 9
13
11
12
12
16
16
11
13
 8
10
13
20
18
 9
12
 9
 8
 8
17
12
14
11
12
11
15
11
18
 9
 8
 9
12
 7
 8
 8
12
25
17
14
11
14
13
20
14
12
19
11
10
 7
16
10
11
11
12
14
 9
23
 6
14
12
13
 9
 9
 7
11
15
11
23
21
16
15
18
 7
22
17
20
20
13
17
18
21
12
11
13
13
16
24
14
12
14
14
20
10
11
10
10
11
 9
17
10
13
 7
12
13
16
12
20
10
10
 7
10
19
10
11
10
 8
11
 8
11
15
14
10
12
 3
11
 8
20
 8
11
 9
 9
13
12
10
 8
21
 8
10
 5
 9
13
12
 8
 9
20
14
17
14
 6
11
16
12
 7
10
10
12
11
19
 7
 6
10
11
11
 7
11
 6
15
 8
11
 7
 9
 9
11
12
 8
13
17
11
11
 9
12
 9
11
24
11
 9
 9
20
10
16
21
17
13
14
14
15
22
11
 7
13
 7
12
10
27
12
11
10
16
16
26
10
 9
13
18
16
16
16
14
27
14
13
14
26
14
10
10
11
15
17
19
14
 9
12
19
 9
 8
14
 9
11
 7
 6
11
16
15
 7
10
10
13
11
11
 7
11
13
 6
 6
 8
 7
 8
 8
 7
 9
10
 9
12
19
 6
 9
 8
10
 8
 9
 6
 7
10
14
14
 9
 7
15
19
15
16
15
23
15
13
12
10
 9
 7
 9
 8
11
 8
15
10
 9
12
19
32
15
24
20
15
10
15
11
 9
15
11
15
 7
15
10
13
 8
16
11
16
 9
14
14
16
20
15
25
21
18
14
17
19
21
14
14
12
11
12
16
15
13
12
14
12
14
 7
10
13
22
12
13
11
16
21
20
16
23
16
11
20
18
17
 8
11
10
14
13
11
16
25
14
18
17
11
13
10
11
10
16
12
 7
12
10
 9
12
15
 5
14
14
13
 7
23
21
16
 8
12
 8
 7
18
 9
 6
11
 8
11
13
19
17
21
 7
10
14
 9
13
30
17
11
 7
16
20
15
12
 9
13
11
17
15
17
 8
 9
11
12
 9
 9
17
11
11
 7
 8
11
 9
 8
12
18
11
16
12
11
12
17
 8
17
13
 5
10
11
19
15
10
 7
11
11
12
12
21
11
12
10
13
24
 8
11
13
13
12
11
21
19
15
15
27
11
15
14
12
13
18
17
12
14
10
15
 9
27
18
14
12
20
12
11
12
 7
19
11
10
12
19
16
17
15
16
15
11
15
17
15
15
14
15
25
14
11
11
10
25
19
17
11
14
11
16
 8
 6
12
 9
16
10
23
11
12
10
11
12
 7
15
15
10
 8
22
 8
12
11
22
14
12
18
12
13
10
15
10
11
12
20
12
14
15
14
15
17
 9
14
13
11
22
 7
10
12
10
10
12
34
16
 9
11
11
10
10
16
15
11
 9
 9
10
14
 8
14
11
19
11
 9
10
12
11
11
23
16
12
11
14
14
20
11
12
13
 8
18
11
14
10
13
 8
11
14
25
22
22
17
16
21
18
16
14
12
11
22
16
18
21
13
11
21
12
16
13
13
24
16
 8
16
13
21
19
10
13
10
11
24
13
11
13
11
17
19
12
15
12
15
20
12
13
12
 9
21
15
10
11
12
10
12
15
16
 9
 9
11
 8
12
10
20
12
13
 9
12
20
 7
10
 7
13
15
10
11
11
 5
10
11
 9
14
18
15
 8
 8
 7
 9
10
14
 9
 7
18
18
 9
 7
 8
 7
 8
 8
 8
14
13
11
 9
 8
 9
12
12
13
11
24
16
12
12
14
14
13
16
13
15
17
19
 8
18
12
 8
 9
 9
18
16
15
 8
 8
15
13
12
 8
12
15
20
14
25
10
15
14
11
12
27
10
 6
 8
 7
26
14
18
10
 5
12
24
 9
10
12
11
14
 6
23
13
10
10
 6
11
10
14
14
15
 9
 9
 8
18
19
22
12
 9
13
 8
10
14
21
 7
 9
12
12
10
 9
15
13
14
14
14
12
17
12
11
18
 9
17
16
12
 9
13
 7
14
 5
12
14
19
13
 7
11
10
13
14
23
16
17
19
20
13
11
15
11
24
18
15
17
11
23
23
14
16
13
14
20
18
15
 9
12
13
24
20
18
18
15
13
11
11
12
18
 9
12
14
10
14
17
11
10
11
13
12
12
20
25
19
 9
 8
11
 5
16
19
16
12
17
16
25
11
12
16
16
15
19
23
12
22
20
20
13
12
12
11
24
19
14
 9
23
12
14
12
12
11
21
12
14
11
15
11
14
26
15
13
19
11
17
23
13
16
14
14
17
19
15
20
19
17
16
17
16
16
13
15
12
10
 8
16
12
13
16
17
18
19
18
13
16
13
 8
14
 7
13
11
13
17
16
17
11
12
13
12
10
14
20
12
12
14
15
18
15
14
11
17
13
14
12
13
14
17
11
14
14
14
18
18
12
12
10
17
19
14
12
14
10
20
12
16
13
14
18
28
16
10
10
 7
19
13
11
12
15
13
13
16
20
14
 9
12
 9
 7
14
18
 6
 7
12
 9
 9
 8
 8
11
11
13
20
13
11
12
10
15
11
16
15
 9
 9
14
 9
 9
14
19
10
 9
11
10
13
 7
 6
13
24
15
 8
 7
10
10
 9
 9
18
24
13
 8
 8
 9
16
17
12
10
12
15
10
17
19
13
11
10
14
10
10
19
14
 6
11
11
10
11
11
15
21
15
12
 9
12
 6
12
12
25
10
10
11
 7
10
14
21
13
 9
23
11
10
11
13
18
 6
13
 9
 9
11
11
10
 9
24
10
10
10
 8
11
 8
15
16
12
 9
10
 9
 8
 8
 7
17
10
 6
 8
 9
10
 8
 7
 7
16
 9
12
19
10
 8
12
 7
11
 6
11
 9
22
 9
11
 6
 9
14
15
11
14
22
 9
10
 4
15
13
 7
19
17
13
10
11
 6
23
 9
 6
 9
 8
 6
 9
 7
 6
 8
12
17
 9
10
 8
12
10
11
10
13
 9
 8
 9
12
14
12
13
12
10
 9
12
17
15
18
14
15
15
15
15
15
11
 9
11
 9
 4
10
 5
 6
 4
 3
 4
 3
 5
 3
 4
 4
 3
 3
 5
 3
 3
 6
 2
 4
 3
 4
 3
 3
 4
 5
 5
 2
 4
 4
 5
 1
33
66
15
 0
 0
 0
 0
 0
 0
 0
 0
 0
 1
 5
 0
 4
 0
 0
 0
 0
 0
 0
 0
 0
 5
 4
 0
 0
 2
19
 0
 0
 0
 0
 0
 0
 0
 0
 5
 4
 1
 1
 0
 0
 0
 0
 0
 0
 0
 0
 3
 0
 0
 4
 0
 5
87
12
 0
 6
 0
 0
 0
 0
 0
 0
 0
 0
 0
 0
 0
 0
 4
12
12
 2
 0
 0
 0
 0
 0
 0
 0
 0
