35
51
46
53
61
62
56
57
54
56
55
52
38
42
39
35
31
42
64
72
44
51
55
55
55
60
46
38
34
48
49
33
36
32
31
53
59
53
46
50
64
66
54
45
45
38
34
37
30
43
30
31
38
40
46
48
50
62
49
54
52
52
53
44
66
44
45
48
43
44
51
41
43
46
43
53
53
52
47
70
43
49
46
49
40
48
41
36
38
37
39
38
38
40
38
36
40
39
35
38
35
37
38
40
38
45
41
37
53
44
50
42
44
48
46
46
49
47
54
45
43
49
41
43
41
41
43
51
41
37
43
48
40
45
41
44
43
41
44
41
41
40
45
42
47
40
45
41
53
69
49
48
53
49
56
54
64
53
56
74
59
62
54
54
57
53
58
55
64
48
50
57
59
53
58
50
58
50
61
61
52
56
53
52
54
56
57
59
55
61
48
62
53
59
57
55
49
56
61
52
58
55
52
58
51
54
56
72
51
57
59
48
57
60
47
55
53
58
51
56
54
76
53
63
55
57
58
53
70
45
58
62
53
55
56
52
53
52
52
47
50
55
53
50
50
52
52
52
55
71
56
51
60
54
52
48
45
62
48
48
51
52
49
45
48
50
45
46
49
42
44
45
46
47
47
59
47
45
38
45
47
50
47
48
52
53
52
55
69
43
53
50
52
56
52
56
56
54
75
54
51
55
53
49
46
56
60
61
66
54
54
55
60
54
54
56
47
50
71
40
53
53
51
40
43
45
47
53
60
41
53
55
54
67
42
44
42
44
49
44
47
42
51
42
46
49
66
44
47
44
56
52
52
60
53
53
49
49
56
62
43
43
49
50
48
43
42
48
48
38
41
42
49
53
52
48
52
50
59
52
58
50
52
52
57
51
54
57
55
54
58
61
49
55
55
52
52
52
53
50
54
54
50
49
51
56
48
54
55
84
39
55
51
48
52
52
51
53
62
48
54
63
54
57
48
52
50
50
50
58
61
50
58
49
53
51
56
50
55
50
54
55
52
66
50
54
53
52
50
51
58
63
56
55
56
57
50
53
52
59
55
56
73
48
50
53
50
57
57
54
59
52
53
54
56
54
54
54
51
52
56
59
57
54
55
52
54
60
49
55
49
52
54
45
61
51
55
51
51
53
62
52
52
56
49
54
62
50
64
58
53
56
52
54
62
53
55
53
57
48
51
59
63
52
53
50
58
45
50
51
60
66
40
57
51
54
58
44
40
43
50
50
45
46
50
52
60
57
62
47
57
54
52
57
53
58
67
51
52
47
50
52
53
51
53
54
55
53
64
53
54
56
60
50
63
55
54
54
53
48
55
55
53
50
64
52
55
63
47
53
48
55
49
55
50
49
47
45
42
47
51
40
45
46
66
46
48
57
35
45
56
59
51
55
56
56
57
44
46
38
41
47
50
43
48
63
48
41
47
50
54
54
43
50
49
55
50
42
43
47
46
61
55
45
50
67
38
38
36
38
50
49
54
58
49
42
42
46
38
43
41
42
46
43
44
43
61
48
45
47
48
47
50
47
47
46
51
44
43
44
41
38
40
40
45
41
51
44
46
41
44
42
43
45
46
42
42
48
45
48
46
43
44
58
43
43
44
46
53
36
41
42
40
40
50
44
45
42
44
47
50
52
44
47
50
48
48
69
50
53
48
47
52
47
54
47
50
44
49
40
48
47
62
39
48
51
52
51
55
53
55
52
45
50
61
63
47
49
49
64
47
52
52
52
54
44
48
48
41
40
49
51
52
46
42
51
46
71
38
52
57
53
51
47
45
56
55
49
57
42
44
48
41
45
41
40
39
43
45
41
41
47
44
50
48
59
54
56
41
47
47
46
54
45
44
45
47
40
46
48
46
49
44
43
58
42
52
50
50
44
49
48
43
44
45
48
48
51
49
51
47
37
48
44
48
46
46
49
47
37
39
45
50
44
44
53
38
53
30
45
47
54
52
51
50
49
54
53
51
61
38
32
37
52
36
44
37
34
43
41
41
43
42
53
43
47
42
39
43
38
38
41
41
40
66
28
41
35
41
40
38
36
43
47
49
45
42
50
43
45
50
42
61
38
42
51
42
52
52
48
43
42
52
56
54
59
41
42
52
48
43
43
49
46
44
46
53
51
50
50
55
50
42
40
47
48
41
45
45
42
45
38
63
53
66
43
65
39
39
38
41
35
38
39
35
42
50
51
50
53
64
51
54
50
46
48
48
46
43
44
50
42
42
47
45
64
41
52
45
50
53
45
47
48
44
49
42
42
45
47
47
47
44
46
44
48
56
43
45
50
50
50
51
49
46
54
52
48
49
45
48
39
39
44
40
52
50
50
48
56
40
53
49
46
49
69
41
42
36
44
42
39
43
41
40
35
42
51
50
48
45
41
46
55
56
41
45
48
49
45
55
40
46
48
40
50
54
52
47
52
48
63
43
51
49
47
44
44
46
49
49
44
49
58
52
51
56
40
46
45
44
45
43
43
47
40
45
43
39
37
39
45
40
50
39
42
46
45
38
41
44
43
40
66
39
38
41
40
48
52
61
53
45
48
37
46
41
37
37
39
39
40
44
51
41
47
42
46
45
47
45
47
50
51
43
42
41
44
47
42
47
47
44
61
49
51
58
54
54
54
48
49
51
58
50
47
48
47
52
56
70
46
47
60
47
57
45
52
47
42
50
42
51
60
45
57
52
50
52
49
51
54
40
44
47
46
49
45
47
66
38
55
46
46
47
46
47
44
51
44
53
45
52
45
43
42
37
41
37
53
45
46
46
44
46
44
45
50
44
46
47
44
47
50
52
47
50
52
64
43
52
46
44
42
45
46
47
43
42
43
43
56
48
45
45
49
50
56
53
68
34
53
51
47
47
44
46
47
43
50
44
41
62
38
41
44
46
46
50
53
59
44
48
53
48
51
47
48
46
56
41
45
41
42
47
43
53
53
36
57
59
55
49
44
66
56
54
63
58
55
52
54
52
48
47
61
54
48
47
46
47
45
51
52
53
49
47
67
41
38
51
55
52
50
52
51
50
58
55
70
48
50
52
47
45
52
52
64
46
67
45
56
60
58
61
51
48
50
46
49
51
55
64
51
59
53
55
50
57
46
52
68
61
51
45
55
48
56
51
56
48
48
48
51
60
47
44
44
49
41
48
50
41
47
51
69
58
46
43
50
54
55
55
59
57
53
63
58
51
60
54
58
48
44
45
50
51
44
65
36
46
41
52
48
46
55
44
49
47
45
47
58
60
45
49
50
52
45
50
45
40
47
58
57
75
59
55
48
62
53
55
52
49
53
50
63
68
46
53
56
52
55
53
55
51
55
59
70
51
54
58
58
56
53
64
54
61
55
64
46
56
63
47
63
65
46
54
52
46
47
43
63
42
51
42
48
52
51
65
51
53
60
61
50
62
51
60
60
64
63
44
55
54
53
48
45
51
47
40
48
43
57
45
39
42
45
41
47
45
46
50
43
43
43
52
43
48
46
65
52
44
49
48
47
44
57
44
40
57
43
49
55
67
47
42
41
48
51
46
43
46
48
48
40
45
40
35
42
71
59
38
43
43
42
44
39
33
36
34
35
35
38
37
37
40
34
37
37
45
57
51
45
39
36
41
40
47
50
52
58
42
40
32
38
36
38
43
46
45
35
42
42
36
43
44
47
48
47
38
37
38
44
45
54
37
39
45
51
45
35
37
37
36
42
41
42
44
52
48
51
55
46
40
43
40
37
39
41
40
40
43
38
40
41
60
37
40
40
40
38
42
50
56
47
57
61
53
58
57
65
48
52
53
50
48
49
67
46
50
50
45
62
56
56
45
55
49
58
56
57
52
47
54
47
47
46
46
50
42
45
47
48
45
56
41
42
40
44
54
53
59
62
53
48
50
50
54
49
52
50
51
52
54
44
43
45
49
44
54
53
48
50
52
54
55
55
52
42
60
54
59
59
57
49
57
55
63
62
38
39
43
44
41
47
48
50
47
50
54
50
47
47
50
44
45
41
48
51
48
52
46
51
42
45
39
38
50
41
47
50
49
47
65
40
46
36
45
48
52
46
44
41
55
42
43
44
50
48
58
43
