48
66
50
71
41
52
70
72
63
52
62
44
48
48
50
52
35
46
42
46
42
49
49
43
43
41
43
52
55
50
50
52
52
51
53
56
57
58
54
52
53
56
53
52
59
58
60
63
63
66
60
55
57
59
62
54
72
54
61
57
61
61
65
48
59
56
58
56
65
51
57
62
64
61
66
59
60
58
57
53
52
55
50
52
66
53
58
56
52
46
50
53
55
64
63
53
49
47
49
50
56
62
44
71
52
52
49
60
47
56
50
52
55
48
40
43
44
42
52
59
56
57
54
53
56
53
57
47
49
57
51
52
56
46
61
55
62
73
52
50
57
58
58
53
62
54
50
51
53
56
80
53
51
56
50
52
56
52
53
54
53
56
48
45
52
54
51
52
53
48
71
44
54
55
54
57
57
56
55
58
57
60
52
54
58
57
63
47
49
52
51
59
49
44
52
44
53
50
64
53
55
64
71
45
62
50
52
53
54
60
54
61
53
50
50
51
48
78
40
51
50
55
57
61
58
52
50
58
58
59
61
45
50
47
45
44
47
64
59
57
55
52
64
58
51
48
68
71
55
57
50
78
51
58
50
53
56
55
56
51
53
53
54
52
58
53
55
67
55
44
47
51
58
57
55
56
45
54
55
47
54
54
50
53
50
61
45
60
63
46
54
51
64
59
56
71
57
53
49
55
55
56
57
54
60
54
47
50
52
53
58
57
53
56
57
53
55
53
52
49
53
60
58
64
53
60
55
57
49
50
57
57
57
59
54
51
64
57
54
62
64
51
79
52
48
58
61
51
51
54
65
53
56
56
53
51
60
53
59
55
49
58
54
52
48
55
43
51
50
48
56
50
57
48
56
53
56
62
60
61
61
64
58
59
57
54
55
59
63
88
53
46
57
52
51
56
53
57
50
50
57
57
57
72
63
68
59
72
62
63
59
58
45
42
42
49
66
52
63
50
60
58
52
50
54
53
44
53
57
54
55
58
54
54
71
60
50
49
57
80
48
56
53
54
48
52
52
51
52
52
49
49
55
48
53
52
52
73
39
58
52
43
49
52
47
45
42
44
50
50
53
61
54
56
57
56
47
56
62
49
54
53
60
53
56
58
58
54
45
57
68
54
62
51
53
61
57
62
44
54
63
57
56
54
56
55
52
56
61
57
60
60
45
55
64
58
54
58
51
51
59
52
57
55
45
49
52
47
53
52
49
44
53
55
55
63
56
60
58
48
85
59
59
55
53
55
50
56
57
53
58
49
77
54
56
56
61
58
57
62
49
55
59
55
54
65
55
53
53
55
61
48
51
57
60
52
55
64
65
66
52
50
46
59
60
57
60
51
61
57
73
85
58
60
57
52
52
50
59
56
54
57
58
57
69
47
56
50
50
62
57
62
60
62
58
55
59
46
50
55
45
50
52
50
57
54
53
52
51
52
50
55
50
52
67
48
51
54
52
63
53
88
56
52
54
50
55
55
52
63
50
58
52
54
50
52
53
50
51
57
49
49
62
58
44
50
56
55
60
67
61
50
52
52
57
42
53
55
49
73
50
51
51
41
46
53
52
62
55
58
42
63
55
55
54
56
59
63
55
56
50
53
48
56
65
50
56
62
55
57
63
56
62
52
57
50
50
53
70
55
56
57
62
59
68
64
52
55
61
59
56
59
59
53
54
59
51
49
52
54
56
69
51
52
63
54
58
50
50
57
56
54
60
51
57
51
53
51
52
46
54
46
51
57
50
50
57
56
54
55
61
52
53
67
57
56
67
55
63
67
59
60
67
49
59
58
52
53
55
60
63
59
57
59
58
62
55
60
55
55
57
50
54
58
58
57
68
53
48
47
61
54
53
58
54
58
58
56
47
51
70
58
56
53
56
51
48
55
51
58
57
53
53
57
63
53
59
61
56
62
52
66
58
57
66
62
48
54
48
47
50
58
62
55
58
58
55
67
60
65
60
58
59
59
54
72
55
61
62
59
61
55
55
57
60
67
46
55
51
56
57
58
64
56
55
63
64
60
58
60
59
57
62
55
58
63
65
54
55
57
55
53
55
53
53
52
54
57
54
68
71
56
54
58
65
64
59
58
67
61
58
50
49
53
51
50
52
54
57
52
56
52
53
79
72
52
54
68
52
60
58
58
58
50
52
52
55
62
54
59
73
78
49
58
52
55
59
55
62
56
52
52
72
59
63
63
48
51
42
38
53
43
47
52
49
54
45
46
35
42
65
49
88
57
54
46
49
53
52
47
48
48
49
50
62
56
51
49
48
40
46
48
43
46
47
47
51
53
54
59
70
37
44
58
46
45
45
46
47
50
46
48
44
51
38
47
46
50
42
74
69
47
46
54
58
55
57
56
62
59
74
63
44
57
55
51
50
52
47
49
51
53
49
53
47
53
47
47
52
78
37
47
55
52
51
52
49
47
54
53
48
51
46
44
49
46
39
47
45
55
82
63
50
48
49
51
61
43
50
48
50
53
48
57
49
56
49
53
54
41
58
52
62
54
60
47
57
55
41
47
47
48
52
47
47
54
46
53
51
54
59
57
54
56
53
60
56
53
52
58
49
58
57
52
47
51
53
51
52
54
52
49
51
55
55
50
56
66
43
55
54
51
52
48
50
54
49
58
49
45
63
45
62
55
60
54
57
56
51
59
55
57
56
58
64
61
72
73
66
62
68
57
61
57
58
61
56
50
50
44
50
56
55
60
56
49
52
56
57
51
58
54
73
49
55
52
55
65
58
57
58
56
63
65
62
56
60
53
52
52
55
55
59
58
60
57
48
51
58
64
59
69
68
64
76
51
62
60
63
60
59
52
55
56
56
67
58
60
60
58
61
57
63
59
67
69
61
50
53
54
55
65
60
56
50
54
68
48
53
44
50
73
51
58
55
52
57
50
57
57
56
61
64
58
50
55
48
56
56
60
63
52
52
52
52
54
59
53
53
48
57
58
55
59
51
46
46
49
48
51
47
50
51
70
46
56
53
57
77
77
57
67
52
49
66
52
50
53
62
62
59
56
48
61
63
61
59
65
58
57
57
58
63
58
60
61
68
58
59
61
64
65
48
47
48
56
51
59
56
53
72
51
54
61
56
66
65
65
58
73
58
52
51
39
52
56
53
58
54
54
54
55
47
65
47
53
49
54
43
59
55
61
53
53
54
46
50
48
51
51
57
53
52
56
50
58
51
53
74
60
53
43
59
42
69
56
52
48
50
51
48
51
50
50
53
54
47
55
65
50
42
57
46
42
56
57
55
48
45
52
48
49
48
49
46
47
50
52
53
50
72
49
56
56
57
52
53
52
47
53
56
54
55
70
47
44
64
49
46
47
59
47
55
53
51
51
50
66
60
52
57
45
56
51
51
48
61
63
55
52
55
50
49
49
50
53
57
48
55
53
63
56
53
56
65
52
55
51
50
55
59
52
61
52
54
60
53
55
53
66
47
57
59
53
58
45
53
45
51
51
51
50
54
51
48
54
58
61
54
52
43
54
56
58
56
58
60
50
56
51
54
50
51
49
52
61
51
54
59
64
53
59
60
57
59
60
54
60
62
54
56
51
58
56
53
54
53
57
62
62
66
65
60
56
55
59
55
60
64
60
66
62
67
46
43
42
42
44
50
46
52
64
66
50
56
57
51
63
70
61
58
63
55
54
46
64
65
51
64
51
55
58
47
59
63
47
54
60
55
53
55
57
61
63
61
54
72
50
65
58
60
62
52
57
63
68
54
63
70
56
67
55
62
64
46
58
71
61
62
66
64
58
64
59
58
62
57
62
54
64
56
59
55
55
57
64
58
59
58
67
55
50
40
44
52
45
54
59
68
60
70
59
56
55
57
62
54
35
38
64
67
58
39
74
57
58
61
44
61
59
64
56
49
52
51
63
64
50
56
52
50
50
52
52
48
51
46
53
67
47
52
49
56
43
51
51
47
52
54
62
54
58
58
53
49
68
62
52
61
53
55
79
49
49
50
50
51
46
47
55
56
53
53
50
58
74
46
55
53
57
58
55
54
44
60
50
61
59
56
70
54
59
54
57
53
56
54
60
59
57
51
55
53
56
69
63
49
49
46
57
