34
41
58
52
43
61
76
68
62
46
47
46
50
44
46
47
38
44
45
49
45
45
42
44
40
44
51
46
52
49
51
52
56
56
49
58
59
56
57
50
58
54
58
57
56
55
52
56
59
58
52
59
63
67
69
59
57
58
59
56
53
62
66
59
63
53
65
52
61
60
64
60
64
55
61
61
58
52
57
57
64
46
55
59
60
54
48
50
46
54
76
68
65
53
49
57
44
48
50
54
47
61
75
45
54
55
52
50
53
66
47
52
36
43
44
46
68
53
57
53
48
58
50
60
47
51
54
59
68
46
55
47
64
55
65
54
56
56
53
62
55
63
58
64
50
61
48
59
49
70
64
55
53
62
55
52
70
66
59
63
41
52
48
53
52
54
48
49
49
55
52
54
57
58
56
53
54
55
61
58
63
60
51
55
58
46
48
58
51
60
43
43
46
48
55
49
46
60
64
63
63
63
49
50
54
50
55
58
57
56
54
53
43
56
49
47
43
54
51
54
61
58
57
67
47
57
57
51
50
48
50
43
45
47
58
53
57
57
57
59
54
49
75
54
58
65
62
56
54
55
55
48
61
55
60
53
56
60
51
54
54
55
50
53
50
50
41
60
49
58
50
52
48
51
58
47
53
52
65
52
53
51
51
52
52
47
57
52
60
64
48
52
52
54
65
73
45
57
52
57
48
55
56
49
51
55
53
55
57
59
58
63
55
51
56
51
49
52
55
54
53
58
56
58
58
52
49
52
55
60
65
55
62
50
56
56
54
64
55
58
55
58
49
81
58
53
58
63
52
56
57
55
57
56
57
62
51
63
55
58
55
62
59
48
50
51
45
47
54
52
50
57
57
54
53
52
61
55
55
63
58
63
64
57
61
56
59
51
58
63
71
57
59
76
49
58
56
81
51
52
54
51
52
58
58
64
63
61
65
71
66
71
58
51
44
46
42
45
57
55
59
55
51
52
59
76
46
51
42
56
58
57
52
57
55
55
55
53
51
48
52
53
55
59
62
57
63
51
53
52
53
48
53
50
55
48
54
54
57
49
47
54
51
44
46
53
50
42
45
42
50
65
56
56
57
60
53
62
47
46
52
52
52
58
51
56
58
52
62
56
51
47
47
57
71
52
55
50
59
52
49
46
55
55
59
59
48
54
56
59
43
60
60
59
46
55
61
48
51
55
52
51
57
53
52
54
46
52
51
60
53
55
44
46
55
65
57
60
56
57
55
56
57
81
70
47
51
55
56
52
57
51
55
57
54
60
55
57
59
59
57
66
51
62
54
53
54
59
52
60
53
52
57
52
56
64
64
49
63
60
59
53
51
52
63
54
57
62
63
59
53
56
77
69
53
59
60
54
58
58
57
57
59
53
53
56
49
54
57
60
60
57
67
58
57
47
49
49
57
46
50
54
53
54
54
53
57
49
54
50
54
55
52
57
48
54
56
59
52
52
68
54
51
53
50
56
48
60
66
50
57
51
51
62
47
52
50
50
56
49
52
49
55
63
56
54
60
62
49
51
50
46
53
51
58
51
52
50
50
36
57
54
56
54
48
50
48
52
77
55
66
54
60
55
52
55
51
49
56
52
50
52
62
49
63
60
62
60
58
54
53
57
51
60
58
59
58
62
65
63
47
57
56
64
64
53
53
53
56
54
52
50
57
53
60
57
51
55
60
57
54
62
55
48
48
50
58
50
50
50
53
51
45
48
51
52
54
50
57
53
51
61
63
62
51
62
58
60
58
56
62
59
64
62
59
65
53
52
56
48
53
58
65
53
58
62
56
61
54
60
64
52
55
53
50
56
57
57
53
55
55
63
53
56
52
60
59
51
54
53
61
53
64
51
60
50
53
53
48
54
51
56
51
60
51
59
54
62
68
64
56
60
62
55
68
56
63
49
53
53
48
54
57
58
62
62
54
59
61
62
65
63
64
56
62
50
60
58
63
60
67
66
60
57
69
60
56
44
51
57
51
56
57
57
72
83
50
60
60
59
74
73
53
57
52
62
64
64
59
44
61
53
53
52
50
66
54
53
53
62
56
71
61
64
58
66
60
58
53
53
56
51
49
57
52
56
54
59
54
55
49
62
64
62
53
55
56
51
58
59
63
67
63
42
52
56
63
57
51
53
58
52
56
52
60
61
65
77
67
56
58
56
57
62
54
49
49
47
48
50
48
54
48
75
73
45
51
48
57
60
50
49
41
46
52
45
50
52
50
50
49
48
53
43
47
50
57
69
55
43
42
45
47
45
43
52
46
50
43
39
40
45
45
49
44
51
45
50
45
46
51
56
46
46
41
40
46
51
46
46
52
84
48
56
75
55
50
60
55
54
53
58
41
56
52
51
52
49
46
75
67
48
50
44
57
45
47
44
45
42
51
48
66
49
49
51
53
48
58
46
69
73
40
46
44
44
41
46
59
68
56
46
50
50
50
56
46
49
48
53
52
51
55
52
65
67
51
43
50
50
52
46
53
52
58
42
46
48
43
49
49
47
50
47
55
59
50
49
61
51
54
50
54
55
55
57
43
66
49
53
63
49
53
61
54
51
50
53
56
48
52
50
52
70
50
51
53
53
51
51
52
45
50
53
65
50
46
50
50
55
50
64
56
51
58
57
58
45
64
47
58
51
46
68
63
67
64
58
52
58
54
56
55
45
46
43
56
59
44
53
51
49
61
51
55
59
50
44
55
52
44
64
59
54
54
56
61
65
59
60
65
55
64
51
48
47
53
55
53
64
55
74
47
53
47
57
58
64
57
58
57
54
65
60
60
61
49
53
47
57
49
64
85
57
53
60
63
57
65
61
67
64
64
46
55
61
62
61
54
51
57
58
54
57
56
53
45
70
55
56
60
59
51
53
56
58
56
59
60
56
54
54
48
52
55
61
59
62
46
50
55
50
50
66
49
54
56
65
54
53
54
53
55
50
49
48
52
50
50
52
51
48
55
63
62
57
58
79
58
59
54
51
55
48
53
60
54
58
60
57
59
68
53
56
63
61
57
58
53
60
57
63
70
60
59
60
57
59
66
60
68
65
60
41
55
53
53
65
55
49
59
59
58
61
60
60
65
96
56
50
58
52
51
43
48
54
56
54
75
63
55
55
45
50
73
60
42
52
47
52
56
56
55
57
50
52
50
50
52
55
52
52
63
50
59
70
73
46
52
56
52
56
46
48
46
52
60
69
49
50
53
50
49
54
51
49
65
66
46
54
45
49
46
47
54
41
49
52
53
54
61
51
46
48
50
44
51
48
44
68
52
48
55
49
54
46
54
61
58
51
49
61
49
50
55
75
56
69
45
49
43
52
47
55
56
56
49
52
51
49
55
42
49
47
47
50
56
49
58
53
49
53
52
58
55
57
53
52
54
47
55
54
54
54
57
51
75
51
50
53
51
55
57
49
50
52
50
78
55
56
53
53
61
59
48
55
56
52
55
55
56
55
50
46
49
52
52
48
55
48
55
52
62
54
54
63
56
42
47
63
48
54
57
63
55
51
60
58
54
49
53
56
47
50
56
50
53
57
62
58
58
56
56
68
58
55
54
50
52
57
56
53
55
57
61
62
53
64
71
58
62
59
53
55
58
61
58
68
65
60
61
57
45
46
40
42
43
45
42
53
56
62
67
51
55
53
56
72
60
55
54
56
53
51
65
55
62
52
52
59
49
53
65
46
51
50
57
78
63
53
64
55
60
61
63
61
55
62
56
69
61
61
55
58
55
61
65
59
61
75
54
54
61
59
62
51
58
61
58
55
57
58
62
61
69
62
64
69
52
58
59
61
60
54
59
66
55
61
58
59
58
57
63
56
49
40
58
48
50
41
66
61
58
64
61
61
63
53
63
62
53
35
39
68
64
58
61
57
45
71
58
60
42
59
59
60
41
50
52
52
53
53
70
51
50
55
47
53
47
55
48
52
47
54
52
52
53
46
50
46
50
57
48
52
68
51
57
56
62
52
56
50
52
61
51
60
69
57
55
65
46
49
50
53
46
48
52
50
55
57
52
50
53
52
50
56
59
53
78
53
55
53
54
58
56
58
56
54
52
61
54
53
55
70
54
56
53
57
56
51
