34
48
44
47
49
55
80
67
56
52
48
49
42
48
46
44
40
42
50
45
45
47
59
36
43
50
45
46
51
52
44
56
57
50
56
60
54
51
50
57
50
55
58
71
53
57
64
56
60
54
55
61
58
55
66
59
62
54
58
57
60
64
53
67
55
54
62
57
58
59
61
64
60
64
62
60
62
47
58
54
52
50
57
65
51
59
61
48
54
48
54
58
65
54
53
45
53
43
52
51
50
55
61
53
57
62
50
48
49
50
53
51
44
42
45
46
45
61
53
58
54
49
55
59
55
47
56
46
59
57
44
53
57
55
82
60
55
56
55
58
73
50
58
59
56
56
50
54
59
55
57
76
57
71
44
52
47
58
58
52
53
51
56
48
46
51
50
52
55
45
52
48
57
50
59
57
58
53
55
52
54
59
59
45
52
51
58
61
53
66
42
51
57
58
40
45
56
44
56
62
60
55
62
64
60
64
48
55
49
57
53
55
62
53
53
48
58
48
55
40
55
51
51
55
73
55
50
53
51
61
53
50
45
53
46
41
44
57
53
58
50
57
71
54
53
52
71
68
57
50
59
50
54
56
53
58
63
51
56
52
53
57
65
50
61
48
54
50
42
58
40
48
73
49
46
56
48
58
41
53
52
53
54
52
56
52
49
58
51
56
65
45
61
51
54
48
50
50
51
54
62
52
54
63
53
63
50
51
50
40
46
60
49
50
48
48
45
52
52
58
53
58
66
53
57
56
50
48
63
54
69
59
65
49
56
64
52
69
55
56
54
62
61
56
51
60
51
53
61
58
58
54
58
55
54
62
61
51
55
50
71
46
53
45
51
46
49
81
43
56
56
50
56
52
60
54
59
59
61
63
60
59
53
59
50
60
59
64
87
53
50
50
55
58
52
58
50
50
55
59
56
64
73
62
56
59
63
59
58
56
45
37
49
44
53
58
64
71
44
61
46
53
49
48
57
55
52
56
55
59
53
52
48
54
64
70
56
51
54
52
49
53
51
49
55
50
53
51
49
48
49
56
49
45
56
49
57
52
48
45
46
45
59
49
53
58
55
54
56
55
42
52
51
54
50
66
55
62
51
60
53
50
48
67
68
55
52
56
55
55
63
43
55
57
56
59
47
53
53
50
53
56
56
49
54
59
69
46
48
57
60
47
57
52
52
46
52
44
52
54
52
48
43
55
57
70
54
56
51
52
61
65
66
56
58
48
52
60
57
61
50
57
50
60
56
62
57
62
54
52
53
65
66
50
54
56
53
57
56
52
55
59
54
60
57
53
61
63
56
58
44
55
58
56
60
66
53
61
58
69
53
53
60
50
59
56
55
72
50
56
57
55
56
55
51
51
60
56
62
73
65
64
49
52
51
49
46
47
56
50
52
55
49
53
51
62
52
56
51
54
52
51
55
52
51
58
71
69
50
53
57
62
45
52
49
54
49
50
57
48
52
54
52
48
54
50
52
51
62
48
56
55
57
54
60
51
53
52
46
45
54
52
52
72
45
44
41
49
52
51
58
52
48
53
72
59
59
53
56
60
67
60
47
53
51
50
52
49
52
60
50
55
55
63
68
60
53
59
44
48
64
56
55
62
61
55
62
72
57
54
51
55
60
61
56
57
53
54
63
52
50
56
58
56
61
51
56
55
57
48
59
51
55
53
57
48
70
43
53
50
50
66
47
50
47
54
48
50
52
59
50
63
53
57
58
68
53
60
57
57
63
60
64
68
60
51
55
55
53
49
61
62
57
52
60
62
54
55
64
53
57
51
56
51
51
52
64
56
54
58
51
63
67
49
54
61
56
53
52
54
48
53
63
56
53
57
55
50
60
48
60
53
54
59
51
56
61
54
56
69
62
60
63
57
56
59
59
55
63
51
54
47
54
48
62
62
62
56
58
71
75
73
59
61
61
56
56
59
58
65
59
68
62
58
58
58
57
61
54
58
48
55
55
53
66
72
63
62
56
58
56
66
60
56
64
66
54
59
63
57
53
46
58
51
54
49
56
60
56
58
57
59
61
63
54
55
67
62
73
50
56
52
48
58
54
51
55
52
50
58
51
56
49
81
71
50
52
56
58
52
57
62
56
52
53
46
60
60
78
59
51
56
55
53
55
51
59
61
62
50
60
85
64
60
56
59
50
56
56
42
47
49
51
54
50
54
51
54
67
85
64
46
50
48
51
52
50
47
51
48
57
47
50
48
50
51
43
47
51
51
56
40
46
48
51
78
50
48
49
50
40
41
42
45
47
47
50
46
53
40
48
46
53
44
49
39
47
42
45
48
74
43
53
48
49
54
80
51
55
59
54
53
56
60
48
57
55
53
50
50
50
59
79
45
58
47
50
48
46
49
50
42
44
49
52
52
50
51
51
46
56
48
52
51
66
75
41
46
42
65
44
48
47
49
53
47
48
51
50
48
48
52
49
59
47
50
55
55
73
62
61
45
49
52
49
49
56
51
53
48
44
45
45
52
45
52
50
60
49
53
53
55
58
54
47
59
48
64
64
51
44
48
51
56
71
42
47
50
57
50
53
52
54
56
48
52
54
49
52
51
58
52
53
56
55
60
48
59
53
48
50
49
52
58
57
57
54
55
55
57
60
50
56
60
73
67
64
60
65
63
64
63
60
58
57
60
55
53
60
57
47
50
56
57
51
54
55
52
58
55
57
56
53
54
59
63
51
52
62
57
54
62
53
63
65
61
67
59
52
57
51
63
51
63
72
60
53
55
48
50
53
56
64
70
54
62
62
63
59
59
60
60
62
62
65
49
49
50
63
59
60
61
61
58
57
68
59
62
64
60
53
56
54
55
62
58
64
58
48
59
49
62
70
42
58
52
60
62
52
60
54
56
60
67
56
60
49
57
53
56
48
57
57
61
50
52
61
66
41
60
57
45
53
59
58
51
56
49
52
45
52
41
51
47
57
67
48
57
60
71
64
59
58
56
61
50
56
56
56
62
49
58
61
58
58
46
52
65
59
60
64
61
72
52
60
60
73
59
61
59
58
62
64
66
59
66
47
46
52
53
53
56
54
60
51
62
60
59
70
65
58
54
55
47
59
48
60
74
42
62
52
55
52
59
52
53
40
57
45
55
46
50
51
48
57
55
55
57
78
44
50
48
54
51
51
56
51
56
51
52
62
41
54
52
52
48
58
85
57
56
47
51
55
47
55
48
51
50
50
51
45
52
45
50
45
50
45
49
68
56
55
56
57
47
52
45
51
47
52
46
49
50
57
45
52
55
53
54
63
65
54
53
48
52
52
72
43
51
41
50
40
51
48
47
52
55
52
50
48
52
59
47
51
46
46
54
54
53
61
51
59
51
59
53
51
54
53
46
49
60
46
58
50
59
56
54
60
70
48
52
57
55
51
63
57
50
50
58
50
54
58
55
56
64
52
52
53
55
59
54
61
43
58
53
48
55
51
54
58
50
51
59
55
66
45
57
57
45
60
52
58
60
52
50
54
53
53
50
53
52
65
72
51
52
52
65
54
55
56
61
54
53
53
49
55
63
54
62
55
51
57
57
60
61
65
60
60
53
74
69
58
82
62
58
61
64
46
45
43
43
46
49
48
52
54
51
58
53
53
62
68
49
57
56
60
54
62
58
52
58
61
57
55
55
55
54
55
52
53
50
49
61
54
66
52
58
57
62
63
62
52
60
55
62
62
60
57
59
61
54
61
59
62
62
58
63
59
61
66
79
55
49
53
60
59
60
62
64
62
64
63
60
63
58
59
61
60
68
52
56
55
60
59
60
60
64
54
65
65
51
35
57
46
48
59
54
63
53
61
60
60
59
61
51
33
45
64
65
72
61
43
61
60
55
45
56
56
55
43
51
55
61
57
57
51
55
59
48
54
51
50
50
52
53
48
50
50
50
59
53
42
50
53
54
50
54
60
58
52
57
56
60
49
54
58
50
57
89
58
47
53
48
46
53
50
53
46
54
56
57
50
54
54
51
54
55
58
55
68
57
51
60
56
47
64
52
54
57
56
55
50
58
51
73
64
56
53
51
56
51
55
57
48
46
58
69
46
47
44
52
59
55
55
53
52
53
48
51
49
49
