42
63
51
45
40
36
34
38
31
30
32
31
33
30
38
33
32
32
43
44
41
40
42
42
40
43
50
46
47
65
40
47
42
45
57
45
43
44
45
42
58
44
43
40
38
45
46
43
46
40
43
40
41
41
41
40
56
54
52
57
52
54
51
52
52
53
51
52
57
50
54
45
50
54
56
54
63
40
43
42
42
43
46
43
39
47
46
50
44
46
52
49
52
52
51
50
52
55
53
52
50
66
52
52
56
49
53
55
58
48
60
54
56
53
55
62
51
52
52
55
56
43
41
43
45
43
45
45
52
46
52
53
57
48
50
44
61
46
46
51
59
51
53
47
49
51
54
50
70
52
42
45
41
39
42
38
44
46
49
47
48
56
50
64
68
54
51
52
55
50
50
48
46
47
46
70
53
44
48
45
48
46
46
45
49
47
45
49
45
45
52
52
72
60
44
47
42
41
47
43
39
43
42
41
39
39
37
40
46
44
48
40
72
39
34
37
34
41
46
45
46
43
44
43
43
44
44
44
41
40
45
48
37
43
43
42
38
42
42
46
68
41
44
38
48
42
41
42
41
42
46
44
42
45
42
42
39
44
40
40
41
39
36
41
53
46
47
75
57
47
48
47
37
35
33
35
35
35
38
35
37
37
38
34
38
37
47
50
52
64
65
50
51
49
47
55
47
39
47
51
74
45
55
34
37
35
34
36
34
36
35
38
38
36
46
43
38
37
37
39
41
47
44
41
36
40
35
66
43
38
38
35
41
38
42
42
40
38
39
39
38
34
38
36
43
45
49
41
41
50
47
45
53
55
46
46
46
40
45
47
40
45
41
44
41
52
40
40
45
40
45
54
50
61
46
48
43
42
40
45
48
50
47
47
45
50
48
48
63
39
35
35
35
33
37
36
41
46
42
46
45
44
41
44
40
38
40
47
49
47
47
64
57
41
52
47
43
50
47
46
47
50
53
50
65
58
43
49
52
44
50
38
56
40
58
53
53
84
57
51
50
48
53
45
45
41
46
47
50
42
44
43
43
72
34
42
45
43
43
44
45
47
45
48
50
46
46
45
43
45
46
45
45
75
41
47
37
37
35
45
34
40
45
47
42
45
42
40
32
36
40
39
40
41
40
40
40
42
45
70
32
40
38
38
35
38
37
36
38
40
39
38
42
48
37
36
44
40
43
40
45
38
45
47
53
66
48
46
43
41
43
34
38
39
45
49
46
42
41
42
59
33
41
38
36
42
44
42
45
47
49
50
60
51
50
45
46
45
53
52
50
45
48
60
42
51
48
49
54
61
50
53
52
52
55
53
53
59
39
55
37
51
51
52
53
52
57
50
55
56
53
50
51
55
55
53
50
52
56
69
46
51
50
51
48
57
51
61
58
52
53
56
51
64
50
54
52
66
57
49
46
50
53
54
52
51
48
67
40
40
43
49
50
47
46
44
43
47
39
49
47
45
46
40
56
41
48
45
41
38
40
52
52
49
47
46
52
44
42
35
45
42
45
48
46
48
50
50
50
58
45
54
56
53
53
51
56
51
44
69
42
55
53
56
44
52
47
48
50
73
44
48
49
55
51
50
49
50
46
50
62
54
56
46
50
51
45
48
45
43
45
43
41
65
47
43
43
43
46
40
43
45
47
42
51
53
58
40
45
48
38
57
46
47
35
43
43
47
50
50
50
49
46
47
48
50
76
51
44
44
45
41
42
44
42
41
37
49
44
38
45
49
44
45
48
78
39
49
51
46
41
45
48
49
53
49
47
47
54
62
55
47
48
49
44
37
41
43
47
43
35
37
37
38
39
69
43
38
36
44
49
44
45
52
39
35
47
39
50
34
59
51
49
40
41
45
30
38
33
46
46
48
46
39
42
37
47
57
57
45
51
46
48
47
42
45
44
45
41
46
49
65
50
45
44
40
37
37
40
41
40
44
42
48
47
47
46
51
43
52
64
50
46
44
45
41
43
43
45
47
53
45
49
43
45
38
46
44
44
63
38
42
40
39
44
39
41
41
41
41
42
55
52
53
50
64
46
37
42
36
43
39
51
46
52
40
42
50
52
56
59
40
46
53
37
40
45
43
40
47
50
49
45
42
76
48
48
46
51
50
49
49
47
48
51
46
50
81
56
56
43
35
52
45
51
51
40
44
46
40
38
54
64
35
39
42
56
41
45
44
38
37
39
35
42
38
38
38
36
36
38
42
40
38
45
40
36
46
38
60
55
39
38
41
42
44
42
43
44
44
45
43
44
43
37
40
44
44
47
45
45
41
54
44
33
37
79
32
44
40
38
40
44
40
35
43
34
34
44
42
39
36
40
36
36
38
38
39
43
40
37
36
57
37
30
38
39
39
40
41
41
38
37
34
38
37
43
45
43
42
45
40
41
36
41
44
44
38
39
51
37
39
41
38
67
41
46
34
36
42
42
57
33
37
37
44
37
42
36
38
41
39
43
41
40
46
56
55
45
45
47
36
36
41
41
44
41
41
43
39
35
35
38
40
37
37
45
45
43
48
39
41
59
41
47
41
43
43
41
39
43
41
45
45
42
43
41
36
39
43
44
61
35
34
42
39
40
40
38
36
33
39
41
42
49
45
37
52
53
44
43
54
38
47
57
59
37
34
60
52
50
42
44
42
41
53
39
48
40
37
37
53
52
47
45
71
33
41
36
40
45
43
46
46
64
57
53
38
40
37
38
36
40
36
34
43
47
55
50
50
50
66
36
40
35
39
37
53
46
55
43
56
48
37
49
48
59
45
47
44
40
41
48
42
52
52
50
45
42
50
48
44
56
34
37
36
41
40
38
39
43
48
48
48
45
41
43
40
41
38
38
52
38
43
40
50
47
46
50
39
39
41
45
31
55
40
42
53
39
46
38
44
44
38
42
36
54
45
42
45
47
46
49
52
46
51
51
50
49
49
55
52
55
50
50
53
52
56
55
54
52
66
49
50
53
52
52
36
43
59
48
58
45
48
38
40
49
42
51
48
53
51
42
51
47
51
51
47
48
46
56
50
48
48
48
42
45
44
45
45
44
44
45
49
52
55
58
53
53
51
54
52
54
46
47
60
56
51
52
56
55
47
54
53
65
48
52
52
39
39
42
47
53
50
57
56
52
67
49
55
50
44
46
41
47
52
45
43
52
44
50
54
43
49
47
53
50
56
59
47
43
48
52
51
50
54
62
50
48
48
46
53
54
52
54
43
38
59
65
46
53
55
49
57
54
54
49
43
58
44
47
42
44
37
46
41
40
46
51
52
53
42
47
50
56
52
45
55
57
52
69
58
41
41
52
53
64
45
46
46
50
70
48
50
51
50
49
46
50
47
39
41
45
45
65
46
52
49
42
42
37
40
46
46
47
46
42
43
43
51
62
44
54
43
46
45
40
51
58
48
50
47
50
47
58
54
46
43
47
45
50
47
52
52
50
51
60
46
50
51
50
36
51
42
49
48
61
43
40
42
54
57
50
58
56
38
43
54
54
50
50
54
50
58
36
43
42
59
55
52
39
42
57
57
63
50
49
46
54
53
56
55
48
59
55
48
56
46
55
51
50
55
59
51
52
55
42
52
65
42
45
53
51
55
76
35
52
52
55
55
49
57
52
58
53
46
49
48
44
46
46
53
40
46
51
66
42
50
45
53
61
44
48
50
51
44
48
42
38
40
42
51
63
51
58
43
48
51
53
53
56
52
59
62
54
60
53
55
54
55
52
52
48
68
48
48
52
53
53
47
44
53
49
40
50
62
42
40
48
46
41
48
48
50
52
70
40
46
47
44
46
42
38
41
44
46
43
59
39
41
42
45
44
43
43
48
43
52
48
54
50
45
46
40
50
50
55
54
53
60
37
47
44
46
55
37
42
37
56
51
51
56
42
40
38
42
47
55
57
51
52
68
40
43
38
42
38
42
42
41
44
61
54
51
55
54
53
49
46
40
47
50
51
68
46
45
50
53
32
35
34
33
33
40
37
35
34
43
42
44
46
52
59
50
52
50
49
52
47
41
50
50
51
51
52
62
49
51
48
49
48
53
54
49
52
75
48
51
50
47
52
52
49
49
53
51
49
51
47
47
