53
37
42
40
34
33
38
29
31
31
30
30
31
33
30
32
39
43
40
41
40
40
41
39
53
46
63
38
47
40
48
50
45
42
45
47
41
66
37
44
35
46
44
43
47
38
43
42
41
44
37
52
45
52
56
51
51
50
53
48
53
60
49
49
53
48
49
49
56
56
52
44
43
42
44
40
46
45
41
46
45
45
47
47
49
49
51
49
50
53
58
52
51
48
53
47
52
56
50
56
55
55
58
49
54
55
61
52
49
51
56
44
49
43
41
52
44
42
39
47
43
51
57
55
50
49
65
40
44
45
52
55
51
52
45
45
59
73
44
49
41
43
40
42
38
39
44
41
47
47
77
50
47
46
59
52
50
51
56
41
53
71
57
48
43
41
42
46
47
46
47
47
45
49
44
45
47
45
85
47
53
51
48
40
44
41
45
41
39
44
42
38
37
39
36
69
42
46
44
46
39
37
33
33
39
44
45
43
41
44
43
41
43
42
43
42
38
40
42
42
63
40
41
38
40
41
39
42
42
40
40
38
42
39
42
38
47
42
43
42
43
39
40
42
40
38
38
51
73
41
44
51
46
48
48
47
42
33
35
34
32
34
34
35
37
39
38
36
68
34
48
51
47
51
50
52
50
49
48
53
51
76
46
50
46
49
51
44
36
32
35
31
35
36
33
36
38
57
36
42
37
35
70
39
45
42
41
38
38
33
38
40
34
38
37
34
42
40
42
39
39
39
35
36
38
34
37
43
48
47
69
40
50
40
47
49
48
44
43
42
43
47
40
43
43
41
47
40
42
68
35
45
47
39
45
45
44
52
42
40
40
45
46
48
46
47
64
48
49
47
41
35
36
34
33
35
35
40
41
46
44
46
42
42
41
42
35
41
43
65
45
48
51
46
52
43
51
45
47
49
45
48
75
49
50
47
45
46
46
52
41
42
44
50
59
77
58
54
49
51
50
49
46
50
45
45
41
69
45
47
42
44
43
43
41
41
43
45
40
44
47
45
55
41
44
46
60
51
46
44
44
44
46
47
47
45
39
36
34
39
39
37
45
47
46
43
42
41
55
31
42
39
38
42
38
40
39
42
43
45
38
38
38
38
38
34
37
36
37
36
42
35
50
38
37
36
41
40
44
37
45
54
44
49
51
49
46
45
39
44
37
38
35
37
52
61
41
40
39
40
41
40
39
39
36
49
42
45
52
48
48
50
48
50
46
43
47
54
50
45
69
41
49
46
55
47
49
53
59
52
54
55
52
56
51
53
53
38
40
45
66
41
52
56
51
50
55
50
48
49
56
52
52
50
53
51
53
51
52
49
50
50
69
48
49
51
52
61
56
53
51
60
51
53
51
46
46
52
50
54
49
46
60
39
42
41
49
50
46
44
45
41
43
47
46
48
42
45
60
33
45
44
35
33
38
57
44
45
44
60
39
43
33
42
49
43
41
43
48
48
49
52
52
48
55
54
51
53
49
56
45
59
46
52
54
54
45
51
48
46
65
52
47
47
53
50
47
47
46
48
49
69
48
49
48
51
43
47
42
41
60
35
41
69
39
41
43
42
42
43
40
45
45
43
47
48
45
40
45
40
42
73
38
45
38
47
44
45
53
50
50
45
45
47
48
57
70
41
44
42
41
43
42
42
41
37
46
43
40
50
46
42
43
64
44
53
45
48
40
44
47
49
52
48
50
46
50
72
50
45
53
46
40
37
45
47
41
43
36
39
38
38
43
40
40
40
58
53
42
42
45
46
41
45
46
44
43
54
44
38
53
44
53
51
48
60
34
34
42
47
49
43
44
42
38
55
40
46
45
47
49
45
48
75
36
44
44
42
43
50
46
51
63
40
42
37
37
40
46
65
42
43
48
50
57
42
48
43
36
44
45
55
39
41
40
41
46
47
45
73
44
43
45
41
41
44
45
41
39
40
39
42
40
41
38
42
40
40
42
47
70
52
46
50
47
41
38
38
39
41
42
51
46
73
40
49
48
47
38
47
40
45
49
39
38
45
60
54
47
50
52
44
43
41
42
50
45
49
49
47
47
78
51
52
47
50
50
51
55
39
36
50
47
58
75
40
46
46
36
37
34
40
39
38
42
54
42
40
38
37
37
41
72
36
39
37
37
36
37
36
42
40
37
44
40
39
41
42
38
41
37
40
39
42
46
40
41
44
50
74
37
45
45
38
40
42
43
45
45
45
44
38
48
32
37
40
37
34
37
39
39
40
40
34
41
59
45
42
41
41
36
36
36
36
40
36
40
40
39
39
33
41
32
32
33
40
38
39
39
42
38
38
31
37
36
42
37
81
34
40
45
34
44
32
46
36
34
39
37
40
40
40
35
38
45
35
41
40
38
45
43
40
40
37
40
62
39
40
40
37
40
47
34
40
42
43
46
44
44
46
49
34
38
34
37
36
42
64
26
33
36
44
39
34
39
46
36
40
39
38
44
45
40
43
44
38
41
64
35
44
42
42
42
42
37
33
45
44
45
44
38
36
41
40
38
44
37
50
29
39
41
40
44
40
37
59
50
39
42
52
39
56
45
42
45
37
46
56
53
44
32
50
44
40
35
62
44
41
33
45
53
52
40
44
58
42
37
37
42
45
44
48
44
53
79
31
37
36
36
36
38
35
35
41
57
52
48
50
65
35
38
34
41
33
41
48
48
46
51
48
45
45
44
45
59
43
49
40
40
39
45
52
47
54
35
35
52
41
60
27
38
30
36
41
31
36
44
50
44
44
41
41
39
41
37
35
47
45
41
44
50
44
43
41
36
38
48
30
59
40
51
35
43
43
42
37
41
41
38
40
57
41
64
41
43
55
43
51
45
44
44
54
51
50
53
54
64
42
52
58
54
51
50
51
57
57
51
52
42
36
49
50
40
52
56
39
40
43
44
42
56
44
59
40
46
45
50
52
49
46
48
58
40
49
43
47
44
45
44
41
45
44
42
42
49
55
52
57
55
52
50
53
63
52
43
44
57
47
50
55
52
53
50
53
63
50
50
50
50
54
43
44
42
37
47
55
54
56
56
51
55
54
56
40
49
44
36
47
53
43
45
46
50
48
48
43
47
54
50
52
64
45
59
40
50
50
50
50
53
46
45
47
49
50
51
53
59
56
42
40
52
54
50
51
52
53
53
59
53
53
51
45
49
43
42
46
43
47
42
39
42
45
44
47
42
43
42
60
54
50
47
50
54
65
46
51
42
48
63
47
56
45
39
49
55
50
50
62
53
48
52
46
52
44
47
39
43
43
41
44
47
52
72
33
41
36
44
44
46
40
44
44
42
43
51
46
42
49
60
43
42
42
49
58
49
47
45
49
47
45
43
46
53
46
47
44
50
47
51
51
50
50
64
43
44
44
48
43
41
44
48
44
54
44
37
46
53
54
48
62
43
43
40
56
52
50
53
49
44
41
43
44
51
57
64
33
43
60
47
52
51
47
47
51
48
60
65
41
48
54
58
48
50
48
53
52
57
54
52
53
46
47
53
57
46
46
54
53
49
45
48
51
53
49
49
57
62
48
56
44
49
53
46
45
46
41
44
47
53
53
46
46
48
51
54
48
47
53
49
42
43
41
39
40
45
64
48
57
45
47
48
52
57
51
67
48
53
55
54
62
50
52
51
51
49
49
57
58
49
52
53
44
43
42
48
46
44
45
57
38
44
44
42
42
42
48
44
43
41
43
58
40
34
35
43
35
46
43
38
40
43
44
58
38
40
47
46
43
44
55
52
49
45
35
50
58
55
54
49
44
42
44
37
45
50
41
37
66
49
54
58
42
40
40
37
43
47
52
56
69
50
46
41
42
38
40
38
42
38
62
36
50
53
51
51
53
51
40
57
48
48
47
48
47
46
57
50
35
32
32
33
33
34
34
33
33
40
62
37
47
49
54
48
49
48
49
50
47
48
59
45
47
50
53
47
47
49
50
57
56
52
50
50
52
52
50
51
47
51
52
65
46
52
50
49
47
42
43
45
44
49
56
56
51
43
46
49
50
47
43
46
46
39
44
44
54
42
35
35
34
39
37
33
37
37
36
38
34
38
33
52
44
38
42
52
55
46
39
51
51
