67
58
67
37
31
32
31
33
31
34
31
32
33
36
29
28
32
29
35
35
30
29
31
32
31
30
30
30
31
31
32
33
30
31
34
41
39
43
40
41
41
48
72
34
45
39
43
40
54
40
50
41
42
39
41
41
40
43
41
40
39
44
31
55
40
37
37
43
43
45
38
42
46
42
45
49
42
45
51
46
46
46
45
73
44
50
57
48
48
49
48
45
43
42
50
42
40
44
38
43
46
47
42
42
41
43
46
42
42
43
42
43
43
43
61
36
35
34
36
36
45
47
46
47
47
46
47
52
52
48
50
61
46
43
37
42
41
40
38
52
52
53
51
53
52
46
41
50
48
49
46
50
47
41
46
41
43
40
62
30
42
39
40
43
42
43
45
39
38
40
49
36
46
43
53
48
46
52
51
49
44
47
53
41
45
38
50
39
43
47
54
53
51
48
56
53
52
37
41
42
40
47
43
46
50
39
46
41
40
39
43
37
56
52
69
42
52
53
52
52
53
54
56
64
49
50
41
48
46
46
52
51
54
53
41
50
43
45
47
42
43
42
53
50
56
66
60
40
42
38
40
41
46
49
46
65
56
50
73
40
46
47
47
49
44
46
47
50
41
47
48
54
53
36
49
52
46
52
51
51
51
48
45
72
29
41
39
41
39
45
38
35
37
36
37
47
49
42
43
46
49
55
78
41
43
50
49
38
36
43
43
42
40
38
38
32
33
36
59
47
42
43
43
42
41
37
40
40
41
39
41
44
42
40
38
45
43
41
39
58
48
40
36
38
40
40
40
41
40
42
44
40
44
43
38
37
38
40
46
41
64
56
38
42
41
38
41
45
37
41
37
40
43
43
37
38
40
40
42
39
40
38
44
53
61
45
48
46
48
44
48
50
45
48
46
47
45
49
47
46
52
66
38
41
32
33
39
33
38
35
47
35
34
38
39
40
44
48
42
46
44
44
46
44
47
75
38
71
42
44
45
42
43
42
42
40
41
36
37
34
29
35
33
32
32
44
42
47
42
37
56
38
43
42
39
42
38
39
41
39
42
47
51
41
44
42
36
39
43
51
42
34
45
43
42
45
46
50
46
52
49
49
51
51
73
43
52
40
37
46
43
45
45
44
38
41
41
46
41
44
68
36
54
50
45
38
41
34
37
35
49
46
45
52
37
36
56
39
40
46
38
44
41
48
37
49
46
43
44
48
42
46
69
38
47
40
45
40
41
36
33
36
37
37
37
40
38
39
50
68
40
41
36
41
41
41
49
47
50
43
41
36
51
39
57
47
40
44
42
42
50
42
40
43
38
43
60
36
46
42
40
37
46
47
46
49
48
44
43
49
51
50
43
41
42
48
37
44
48
52
50
68
47
50
47
47
44
41
42
46
44
45
45
42
46
53
56
58
49
49
47
49
49
46
49
40
44
40
42
38
37
44
38
45
59
37
40
35
40
39
42
40
38
38
37
36
37
39
41
37
45
47
46
48
64
34
38
40
38
42
35
38
42
47
44
43
38
52
37
36
37
45
44
51
46
51
40
45
48
47
44
47
50
42
48
47
46
46
45
48
47
48
45
46
58
47
48
47
45
48
47
53
52
53
52
55
49
63
47
53
52
51
50
57
50
45
55
57
57
48
31
49
50
55
50
50
54
46
68
47
53
48
47
44
45
45
46
47
42
45
36
37
40
40
39
40
37
42
48
48
48
43
45
44
47
44
64
49
52
51
52
53
52
52
55
52
64
45
55
47
47
44
44
38
38
53
36
47
44
62
30
45
42
38
42
39
44
47
44
41
40
40
61
36
42
40
43
40
39
39
35
41
39
41
37
38
42
55
47
30
40
37
36
41
42
42
38
47
41
36
41
28
40
46
32
39
36
62
37
46
50
45
42
44
41
38
45
36
38
35
39
35
37
43
41
48
53
44
46
47
48
46
49
47
46
44
49
38
42
46
44
43
47
64
44
47
52
52
43
40
42
40
43
44
53
41
45
46
56
35
45
45
46
40
43
43
42
42
46
43
47
50
47
54
51
44
44
50
47
45
42
39
35
51
43
46
55
62
44
48
49
40
44
44
47
43
45
44
46
52
45
43
47
45
81
37
48
45
46
44
38
43
41
40
41
41
45
42
41
43
38
44
67
43
48
52
48
40
43
40
44
41
37
40
46
44
46
45
40
60
35
39
41
43
34
43
44
43
32
33
44
31
35
30
33
33
31
34
43
39
39
37
33
36
31
31
43
46
45
65
41
47
47
46
44
40
34
30
36
37
40
41
45
44
39
42
39
48
49
40
49
50
51
48
50
43
34
44
47
50
55
61
59
47
35
47
36
46
39
37
35
33
38
38
41
39
61
32
38
38
40
41
44
38
41
38
40
40
42
37
37
50
38
46
41
38
39
34
39
39
44
45
42
42
46
41
43
37
40
46
55
32
50
51
43
33
44
47
32
41
42
47
49
43
44
53
43
41
42
44
43
42
49
41
42
35
46
48
51
52
48
41
48
50
39
38
39
50
52
54
53
54
54
65
43
52
49
51
47
42
43
41
36
54
36
43
46
48
39
43
45
40
39
46
46
57
44
38
58
34
43
38
47
34
41
41
44
50
59
50
55
45
34
34
47
50
50
52
56
50
44
50
49
52
52
48
44
45
58
47
57
56
52
68
50
47
43
46
53
38
40
37
37
42
50
52
46
47
42
43
46
47
41
49
45
41
40
46
44
42
43
45
43
39
44
68
36
44
43
46
43
40
39
42
38
37
42
40
45
45
45
45
42
53
49
50
42
37
46
40
39
44
68
49
51
35
34
31
38
31
35
34
43
48
50
36
38
36
38
61
37
37
39
39
38
38
37
38
36
34
38
40
33
36
39
36
38
37
53
34
46
42
46
45
43
38
56
40
39
39
38
50
47
45
50
58
46
45
50
44
41
40
33
36
39
42
45
41
38
44
34
44
44
33
38
38
41
39
40
42
37
47
44
43
63
45
50
52
43
47
40
41
40
43
39
43
41
42
47
56
55
32
42
41
41
37
41
40
39
40
43
42
38
42
41
43
41
48
44
52
43
45
40
43
45
37
36
37
48
38
47
51
47
47
65
43
48
48
49
38
44
40
54
51
57
38
42
43
59
48
44
42
44
45
47
42
46
47
42
43
41
39
41
43
41
45
42
47
47
51
46
42
46
37
41
45
42
44
42
43
44
44
43
55
44
42
40
40
39
47
38
44
45
45
46
42
47
57
42
52
44
35
40
38
41
37
40
37
42
49
53
43
57
45
41
44
47
38
51
51
50
48
51
48
59
45
46
44
48
39
39
42
40
42
42
41
40
43
41
65
36
40
44
41
40
41
37
38
41
50
45
64
42
48
61
43
46
44
40
44
44
50
50
50
43
43
47
39
47
41
47
46
44
45
42
40
36
42
39
52
53
45
51
48
55
54
48
51
54
50
49
48
43
43
47
55
42
43
40
41
40
45
54
46
45
46
43
44
43
41
67
42
38
42
45
41
44
44
41
47
47
49
38
36
35
38
63
34
38
39
34
36
44
45
42
43
37
45
41
41
46
43
41
46
63
46
44
42
44
38
36
36
38
46
38
41
49
42
38
44
56
44
37
35
38
36
39
35
41
46
44
43
44
44
46
45
45
43
44
43
47
77
37
43
44
47
39
35
41
40
42
40
42
46
45
45
46
47
47
39
43
37
35
68
39
30
53
42
45
44
40
35
43
44
40
43
46
43
41
43
37
31
44
43
41
64
36
45
36
38
37
41
39
38
41
42
42
34
35
38
34
36
35
38
38
46
44
50
44
49
50
50
37
38
35
33
44
42
44
40
42
46
51
42
43
43
44
34
44
46
47
50
48
48
48
52
48
49
50
49
54
49
46
46
45
43
48
51
48
53
46
44
40
63
34
45
40
47
47
44
45
48
50
47
46
55
42
53
36
43
35
41
43
44
41
42
47
51
42
47
47
49
50
68
32
42
38
38
50
56
46
45
39
40
51
43
42
60
39
41
44
49
39
47
43
47
44
40
43
38
44
46
63
43
50
47
51
49
48
44
43
35
39
39
36
40
35
61
61
47
