57
65
38
46
32
39
27
30
29
37
30
33
35
31
29
32
30
34
35
32
28
30
32
31
30
31
31
30
32
29
30
30
33
38
41
46
43
38
43
44
48
42
43
48
48
58
40
42
65
35
43
39
39
40
44
50
39
44
39
40
42
42
39
40
42
38
43
41
41
41
44
42
44
46
54
54
41
45
50
47
47
46
48
50
52
52
51
47
57
51
47
46
42
44
41
42
41
41
42
43
43
43
43
42
43
45
45
48
49
46
43
45
42
45
43
46
43
40
36
38
47
47
47
42
46
48
47
53
49
52
50
50
45
44
41
41
58
27
49
52
49
52
50
33
45
52
48
47
62
51
38
40
42
45
36
41
44
37
40
41
49
45
44
42
42
44
40
36
38
39
50
53
50
63
50
51
49
50
42
41
44
40
49
36
43
63
54
40
50
50
50
54
38
44
40
42
47
46
45
41
39
42
44
38
38
42
40
51
55
50
67
56
51
51
54
52
55
53
55
52
53
48
56
48
47
50
51
53
46
47
48
43
46
44
45
60
37
52
52
53
54
54
42
44
39
41
40
46
54
63
47
58
52
53
47
46
45
50
44
48
55
61
48
45
44
48
45
44
40
45
51
48
50
55
61
67
44
47
38
35
34
39
43
40
39
40
42
32
32
40
40
47
70
39
44
56
50
51
49
43
46
40
41
38
40
44
56
57
31
35
36
40
42
42
43
41
42
40
46
40
38
38
41
39
40
44
50
36
39
45
40
44
46
40
63
41
37
35
44
41
40
41
41
45
40
44
42
36
35
40
41
36
41
40
54
65
40
41
37
41
39
44
45
40
39
41
39
38
38
41
43
40
38
39
39
49
60
64
39
45
46
47
39
48
47
40
50
45
53
45
45
47
46
47
58
28
35
36
34
41
32
36
35
34
38
37
46
42
45
43
44
44
55
50
43
46
50
56
55
42
46
43
43
41
44
41
39
41
37
35
33
31
31
30
33
30
46
37
46
43
36
40
39
55
48
38
44
41
35
44
39
42
43
43
42
41
42
37
40
43
43
54
38
48
47
41
46
46
51
46
49
52
47
53
51
55
53
51
60
40
45
44
41
45
46
40
38
42
46
39
44
48
47
40
56
50
40
40
33
37
39
42
49
45
40
37
37
42
40
40
40
42
42
46
56
43
54
44
43
43
42
49
43
50
39
50
47
50
45
39
38
46
31
42
36
36
43
37
44
40
52
52
39
42
40
52
43
44
47
51
39
43
40
36
42
44
47
41
46
49
50
45
47
46
44
43
46
56
38
43
45
41
37
40
46
52
54
53
42
42
45
50
51
43
42
43
45
38
54
42
58
58
54
43
47
48
46
38
44
45
43
47
47
43
47
46
47
72
41
47
48
50
49
47
49
42
47
48
41
40
38
43
39
44
66
31
39
37
41
38
42
41
39
38
33
34
42
34
45
35
46
50
49
45
51
40
37
38
37
38
38
38
43
45
42
42
43
36
35
38
44
46
47
44
56
45
49
43
50
53
48
47
42
48
49
48
47
46
47
46
49
45
51
53
46
50
44
45
49
45
52
63
47
50
50
47
52
51
54
51
52
62
51
52
46
53
47
49
42
38
50
52
55
61
45
53
56
56
58
54
59
53
58
57
47
50
50
47
42
39
39
37
39
41
38
45
36
41
46
52
58
61
43
44
48
47
40
56
53
53
53
56
59
58
52
54
49
48
47
47
46
45
47
40
40
64
37
42
46
47
45
49
45
41
43
40
41
41
44
68
38
40
44
41
39
39
44
37
42
43
40
44
50
38
41
44
59
34
42
46
41
38
35
38
38
38
39
44
40
36
39
39
37
41
39
37
42
61
34
43
39
36
48
59
48
45
42
42
42
43
41
39
41
37
58
32
37
42
42
44
45
43
47
48
50
46
48
47
46
43
51
56
38
45
43
48
45
49
53
47
51
49
42
37
40
39
40
42
48
61
45
42
40
41
56
42
44
42
44
43
41
44
44
42
53
54
43
51
42
39
49
50
40
42
42
46
52
45
45
47
50
47
45
46
44
42
46
44
48
44
45
78
42
47
44
45
45
46
47
45
48
47
48
42
41
52
40
52
56
39
48
40
39
46
39
43
40
48
50
49
51
39
44
38
44
44
47
48
47
46
43
50
36
38
40
41
40
41
38
40
46
43
33
35
40
29
33
32
32
60
27
38
41
41
38
34
36
39
35
33
43
45
47
45
47
46
46
48
42
36
34
33
35
39
45
45
45
46
40
40
40
44
42
43
48
45
47
49
48
37
57
40
47
50
51
52
50
49
35
43
39
49
47
42
34
32
41
38
39
53
34
39
36
40
38
42
46
42
40
38
40
60
37
37
37
48
38
45
42
37
39
35
39
37
43
47
42
42
41
50
47
38
45
40
43
40
44
46
46
43
41
41
43
41
38
51
46
51
50
44
40
49
44
40
48
43
38
45
49
41
44
48
42
50
47
48
43
37
50
50
38
37
41
50
52
53
70
50
48
45
58
52
49
45
50
41
50
38
35
39
40
44
42
38
37
47
46
42
38
42
50
63
45
50
42
43
38
44
41
45
35
42
40
45
40
72
49
48
42
37
35
46
50
49
52
62
44
48
47
52
50
51
49
46
41
72
41
55
58
55
55
52
48
43
45
62
35
40
38
40
41
54
54
47
48
44
41
49
48
51
49
44
43
41
43
45
48
45
38
43
43
44
50
52
45
44
43
41
42
41
37
40
40
42
38
41
38
45
43
65
44
42
36
44
36
48
41
33
46
54
57
50
40
53
34
48
30
35
36
41
51
50
39
33
38
40
40
45
41
33
38
36
40
45
38
40
43
42
38
37
39
38
38
37
37
39
38
42
43
46
44
46
41
39
39
46
55
35
50
47
46
51
45
47
45
49
50
42
43
35
33
37
50
41
53
36
36
39
38
32
35
36
43
35
39
38
38
44
56
41
55
41
50
47
41
45
41
39
42
40
43
41
61
38
53
46
37
42
39
42
36
40
41
36
44
46
45
42
49
42
42
46
46
40
42
43
40
41
39
39
39
37
41
55
44
47
51
47
53
45
50
45
41
43
65
42
39
44
43
45
45
52
44
45
45
56
42
41
43
44
41
41
45
44
48
41
49
42
46
47
55
46
36
52
43
41
47
43
39
40
46
46
44
44
43
48
41
44
41
53
45
38
49
47
45
43
47
45
45
44
46
36
40
56
33
38
39
41
37
42
51
49
47
48
54
42
60
39
42
49
52
50
49
50
54
42
44
52
64
33
36
41
40
44
40
42
40
43
43
43
44
40
49
58
35
40
39
40
40
49
47
49
50
49
46
50
51
43
64
36
44
52
48
51
45
57
41
41
38
42
46
44
46
51
51
42
35
40
45
47
50
50
49
50
45
44
53
54
66
40
49
46
46
44
45
44
44
38
44
39
46
70
34
46
45
44
46
39
40
42
46
43
40
47
47
56
65
43
43
49
37
36
37
39
35
34
36
40
34
37
43
44
73
32
42
41
56
35
43
42
44
41
44
45
42
43
50
57
38
40
41
36
45
44
36
45
44
38
37
35
35
38
36
35
42
36
41
52
71
45
45
45
45
44
44
43
45
43
46
40
44
46
48
36
59
45
42
38
43
45
44
44
45
48
44
46
40
41
36
35
35
38
36
44
53
57
51
41
57
41
43
40
42
46
43
40
41
40
42
40
41
39
43
45
35
35
38
40
34
41
64
34
39
36
33
37
34
35
36
37
39
45
43
38
46
44
51
50
61
30
34
36
35
44
46
40
43
46
48
45
41
42
34
35
39
49
47
51
49
72
43
46
51
51
48
46
49
46
47
44
47
46
66
41
51
46
46
40
42
40
47
43
43
46
46
45
49
53
52
45
41
55
40
37
37
39
39
41
44
42
41
43
49
52
46
51
48
48
50
48
48
40
41
39
45
55
52
41
63
35
42
43
41
46
44
38
47
52
38
45
44
62
41
40
41
44
41
47
50
50
48
49
53
51
45
53
40
36
37
41
33
39
38
54
51
56
47
48
66
41
43
47
38
46
43
48
36
41
44
43
