51
63
57
40
43
31
36
29
30
28
29
31
29
33
35
29
31
29
29
33
35
28
29
28
32
30
30
30
29
32
28
32
31
30
30
34
41
43
40
41
41
40
55
51
43
43
40
40
40
42
38
40
39
39
39
41
44
41
42
40
40
38
41
40
61
33
40
38
42
42
38
42
42
45
40
46
44
42
43
45
49
46
45
52
53
50
50
48
47
50
46
47
42
39
43
50
35
41
40
41
44
40
41
42
42
41
50
48
41
40
43
43
41
52
36
38
36
32
37
40
45
47
45
42
46
47
52
51
49
49
55
44
41
38
39
40
38
40
50
52
51
51
52
52
36
47
48
58
41
42
45
36
43
41
39
42
53
38
39
41
42
38
44
42
45
43
35
38
37
56
34
47
49
48
47
50
50
42
52
52
35
43
40
47
38
41
44
58
51
51
48
49
56
36
47
38
43
33
44
43
40
36
57
32
40
48
39
48
55
50
46
52
52
55
50
54
52
55
55
53
55
41
46
43
47
49
47
55
45
45
48
42
45
44
44
42
41
52
50
53
56
54
40
38
39
38
41
48
46
52
52
54
64
42
55
46
39
40
45
43
45
48
45
43
48
67
31
44
46
50
48
50
52
50
47
47
60
29
37
36
41
39
40
39
34
35
34
39
42
47
40
42
43
54
69
47
45
43
45
36
38
41
39
51
41
39
38
32
36
35
55
45
41
43
40
41
38
37
40
42
42
39
37
42
42
37
42
39
41
38
61
44
39
37
34
39
39
38
42
36
43
43
40
45
39
37
37
39
39
36
62
48
39
44
44
37
39
38
41
38
39
37
44
39
40
35
40
37
43
40
36
36
79
39
46
45
46
47
44
46
53
44
48
45
47
45
47
46
70
42
48
35
36
29
40
34
35
38
48
40
32
38
38
49
43
42
44
45
44
43
47
67
40
47
45
45
45
44
42
42
42
40
42
39
39
36
32
30
31
29
34
28
41
39
49
39
47
38
36
46
43
35
43
38
39
40
38
44
41
40
41
41
40
50
54
32
38
34
46
41
38
48
45
46
47
50
46
50
54
56
54
48
48
39
40
44
41
46
43
42
36
39
48
60
32
51
48
34
49
45
39
33
35
35
39
45
44
43
38
36
43
44
42
36
42
41
40
42
42
47
46
42
41
42
62
37
49
41
47
40
43
41
35
38
31
35
32
37
37
53
31
38
54
55
37
41
36
41
41
44
47
47
64
31
36
36
41
46
43
38
43
43
49
50
47
54
39
44
41
44
39
41
44
39
33
44
52
47
50
47
37
45
47
47
46
41
40
42
43
44
46
51
66
43
50
45
46
47
41
39
43
46
44
44
44
61
45
45
44
47
47
55
47
45
50
52
41
45
39
61
39
37
43
39
40
39
40
36
37
39
40
40
40
38
36
36
38
36
40
57
37
49
46
45
39
40
39
35
38
35
41
34
44
45
43
40
37
58
26
39
41
57
44
43
46
41
47
43
46
45
45
45
45
47
47
57
37
48
45
46
42
45
49
47
48
48
59
40
49
63
51
53
54
43
47
56
50
53
40
50
50
50
50
44
49
38
36
39
59
54
46
48
52
54
56
52
48
52
63
48
51
47
49
47
48
41
39
39
37
36
38
41
38
59
32
48
48
47
44
45
41
53
39
41
52
54
65
44
52
50
56
53
48
50
46
50
59
40
40
48
37
46
39
42
49
47
40
37
45
60
36
42
40
42
44
41
43
42
42
41
38
37
41
43
58
40
37
38
36
37
39
36
38
37
43
46
39
35
36
37
37
38
42
57
37
36
38
38
39
40
38
41
41
43
40
34
39
37
45
48
50
44
63
34
40
38
45
35
42
38
35
35
38
42
42
45
44
47
46
46
47
60
44
43
41
52
46
41
44
42
42
44
45
50
50
48
46
58
28
38
36
46
44
46
47
47
43
39
42
43
44
44
41
44
57
39
43
43
42
49
43
47
48
40
44
49
47
55
41
42
36
56
37
45
50
45
43
47
43
40
78
44
45
44
46
45
44
42
41
46
50
47
46
46
45
45
76
33
40
40
40
39
42
44
41
38
42
38
42
40
47
46
52
43
68
34
43
39
43
33
43
45
43
45
40
37
37
38
40
38
38
40
43
42
56
30
33
28
34
29
41
32
28
38
39
42
36
33
32
32
33
39
43
48
44
47
46
42
46
45
58
27
32
37
37
39
41
43
42
37
38
43
41
41
45
47
45
56
47
41
34
44
46
49
52
51
39
46
63
34
48
38
39
35
32
37
37
38
38
38
39
36
39
36
48
50
36
39
38
39
40
37
37
36
48
36
39
38
37
37
35
36
38
67
34
42
40
48
39
40
43
39
42
40
42
47
42
42
67
34
50
41
41
44
46
50
43
43
42
36
43
40
46
42
62
36
46
34
41
45
51
49
42
40
44
48
46
46
34
50
49
55
52
51
56
46
50
50
68
39
45
40
41
36
36
35
45
44
36
44
43
44
46
51
35
45
51
53
41
40
38
42
43
47
42
33
41
41
46
49
51
54
55
48
36
36
44
61
43
47
50
48
46
50
65
43
48
45
39
54
44
54
56
56
57
52
45
40
53
44
37
40
38
35
47
46
52
52
42
47
41
42
38
45
47
41
38
45
63
34
42
40
43
41
45
44
40
46
43
44
41
60
34
36
40
37
40
40
35
46
45
39
54
44
59
34
37
54
36
36
48
54
54
45
32
32
34
32
33
47
36
50
48
42
35
37
33
39
44
40
36
35
38
36
37
36
47
37
37
34
36
33
40
39
34
35
39
35
41
41
49
40
36
38
42
37
50
41
51
46
45
48
47
45
44
46
50
36
42
37
35
50
41
42
43
58
37
36
36
41
35
34
35
37
38
39
36
41
38
58
36
43
46
43
50
42
40
44
41
37
42
39
56
35
42
43
50
46
50
36
41
39
36
40
36
38
40
39
41
45
41
40
39
45
41
47
44
39
44
40
44
39
35
37
48
36
42
48
46
46
51
50
50
41
48
57
32
44
49
45
40
41
47
42
46
48
46
50
46
40
52
37
41
45
41
40
43
39
41
41
45
58
37
47
47
44
40
43
38
41
45
40
44
58
39
42
43
41
42
47
40
41
37
47
37
42
55
43
47
45
45
42
43
48
38
40
37
44
44
56
29
36
42
50
50
45
45
42
42
45
44
48
45
52
48
52
47
49
47
45
47
40
59
29
39
40
41
37
41
40
42
44
41
46
38
42
42
36
45
40
34
44
48
47
49
47
47
54
45
45
40
45
40
63
40
52
43
42
44
41
39
42
47
46
41
49
37
39
46
37
46
47
45
50
50
48
45
46
50
51
53
57
41
46
43
46
45
40
35
38
41
38
46
48
59
44
54
39
47
39
40
38
49
43
41
43
41
43
46
59
44
43
41
38
33
39
37
40
34
33
41
33
36
40
42
45
54
51
41
38
42
42
43
42
43
40
45
43
42
39
39
54
48
40
37
36
41
57
31
45
44
34
39
31
37
36
39
35
38
38
39
45
43
46
69
43
46
45
45
42
43
43
45
44
41
43
43
44
35
37
38
43
64
43
43
43
46
43
46
41
43
41
35
34
33
36
35
42
54
46
48
40
36
37
44
55
46
45
42
41
40
37
33
42
39
41
43
41
39
34
37
37
37
38
39
42
41
54
26
36
36
35
33
36
39
45
40
39
45
45
51
47
35
36
34
53
32
43
47
43
46
46
47
42
42
37
32
40
49
46
48
51
46
52
47
49
49
48
49
47
47
49
42
42
46
52
60
42
47
38
42
48
46
45
38
48
44
43
47
48
50
48
46
50
33
37
36
37
47
40
43
40
42
52
49
45
44
64
39
52
40
40
40
39
40
47
56
42
42
42
45
36
46
42
48
37
42
47
41
44
44
45
43
60
31
40
36
42
46
50
48
54
46
50
41
37
45
46
37
37
39
33
52
47
55
52
48
51
41
58
31
36
44
42
38
42
39
41
43
40
42
40
42
42
53
46
54
44
50
46
43
50
46
48
39
40
45
50
43
51
43
47
50
50
41
42
36
54
46
42
