42
32
46
43
43
40
44
45
47
50
48
50
46
52
47
63
38
38
40
40
37
43
42
43
42
42
41
50
42
53
50
51
59
45
36
33
41
41
36
43
43
55
52
54
41
46
46
49
37
42
48
47
55
50
56
59
41
43
44
42
42
39
47
47
45
45
52
73
47
52
40
48
48
52
54
52
52
52
48
47
50
49
47
44
41
42
37
45
38
47
38
38
38
40
39
35
40
47
42
50
47
45
52
43
55
45
44
45
53
47
49
47
50
42
46
44
43
44
45
46
45
47
44
63
39
45
43
44
43
44
58
40
50
39
43
40
45
44
50
48
51
45
40
50
46
50
54
50
51
38
66
37
52
43
48
46
52
60
32
57
54
64
39
43
47
45
45
47
43
49
51
54
51
46
45
62
42
48
42
47
52
54
47
59
50
47
51
47
68
52
50
44
44
39
40
42
42
40
42
35
46
48
69
32
40
48
40
45
43
45
38
37
38
45
38
41
42
50
43
34
39
36
40
37
38
40
38
36
39
38
38
39
42
39
36
42
33
57
33
39
37
40
38
38
38
35
37
35
40
36
48
42
36
41
39
45
41
45
43
38
42
38
36
40
38
42
40
37
42
42
41
50
50
47
44
44
42
43
38
50
38
38
42
46
40
39
41
53
49
35
39
43
41
37
47
37
44
37
42
36
47
38
39
36
35
53
70
46
54
41
46
41
42
45
38
39
37
40
42
40
47
45
44
41
33
47
36
37
35
36
44
46
43
52
52
51
47
38
42
42
41
37
53
59
53
58
36
53
62
46
52
53
55
50
43
44
45
46
45
60
31
42
40
39
50
43
46
47
44
41
44
41
44
52
33
60
31
33
47
52
41
39
36
36
34
33
39
35
35
40
38
34
37
54
31
36
45
55
43
39
39
46
47
40
37
41
45
40
40
57
39
39
37
38
33
44
40
29
39
35
37
36
32
40
43
40
39
42
39
46
44
38
42
40
40
40
38
40
39
42
46
45
40
58
54
61
52
42
34
38
40
40
45
42
40
40
55
51
60
34
35
45
45
56
50
58
50
49
55
60
43
31
45
41
50
52
40
38
37
45
45
51
47
53
33
36
45
44
40
42
50
40
44
35
37
39
35
41
35
36
37
39
42
45
45
45
43
44
60
41
43
43
36
36
48
37
47
44
47
57
46
50
66
40
50
49
44
44
46
47
40
36
38
60
38
44
47
53
51
69
38
37
40
45
48
49
37
34
41
49
37
33
49
47
52
46
46
53
55
40
50
52
42
45
59
38
42
43
32
38
43
40
39
38
40
41
44
41
37
39
48
46
43
40
49
51
52
47
41
49
57
37
38
40
34
45
61
43
57
50
58
66
41
36
40
41
37
36
43
45
44
46
45
41
36
33
38
42
40
42
65
39
37
45
43
38
45
39
38
41
34
47
52
55
43
41
38
41
36
40
46
37
30
55
56
54
68
44
46
40
41
40
45
45
46
43
36
35
38
38
41
45
35
32
59
44
45
45
40
38
43
38
42
44
38
36
34
46
46
48
36
53
44
40
46
46
44
41
40
41
36
57
38
44
43
55
63
55
51
62
39
46
50
45
48
48
44
41
42
45
53
49
45
41
47
46
38
40
38
40
35
64
46
43
48
44
48
45
43
42
49
43
50
56
35
56
30
38
42
45
41
42
46
36
36
33
47
49
45
40
42
45
41
42
41
44
40
35
41
55
39
57
37
38
38
32
38
40
38
50
39
46
40
44
49
48
50
44
41
47
44
43
61
31
39
44
40
47
48
47
43
37
42
46
36
51
39
39
38
40
45
43
43
50
38
39
34
43
37
52
57
39
40
43
51
40
39
44
42
39
45
42
42
42
46
42
52
56
70
48
50
48
46
61
50
46
45
44
45
45
53
40
47
48
55
66
46
47
42
46
48
40
51
44
43
47
45
64
40
49
48
47
50
49
50
47
40
45
42
63
30
43
43
42
40
40
41
43
37
49
46
47
38
38
41
38
41
41
48
39
39
38
41
38
40
49
43
37
40
45
40
41
37
40
37
39
38
40
43
51
40
30
53
38
38
38
41
38
38
40
39
42
40
35
51
44
41
45
45
41
39
44
37
37
39
45
49
42
36
42
41
39
45
37
38
52
39
41
38
36
40
40
44
50
54
39
45
41
41
42
36
60
40
35
36
50
50
54
42
53
40
43
42
46
39
43
36
45
53
45
42
40
47
40
59
33
38
41
45
39
40
43
36
42
42
48
40
39
35
38
56
29
38
39
51
52
52
45
41
43
50
44
46
58
33
46
34
40
34
46
43
41
41
38
41
42
48
56
56
51
49
40
47
53
44
51
49
37
42
47
46
43
44
68
41
46
46
43
56
52
50
41
56
37
40
44
42
40
44
46
41
42
38
43
40
43
41
48
51
52
42
40
39
40
37
53
59
40
50
51
43
48
45
45
44
43
53
47
47
44
50
52
60
36
48
54
53
45
46
55
41
47
50
46
46
46
45
42
47
47
54
51
64
47
44
52
47
52
50
46
50
52
58
45
50
45
47
45
48
46
43
45
42
43
44
43
56
44
44
38
42
37
44
50
39
43
43
44
50
52
48
43
47
48
47
51
43
40
47
52
51
48
46
68
36
47
53
45
45
41
42
43
46
53
45
51
48
60
33
47
54
48
50
46
42
39
44
50
51
50
65
36
60
32
41
46
52
48
50
50
50
45
49
46
39
52
33
38
40
41
38
46
42
38
37
38
46
51
47
48
41
47
47
56
40
43
46
43
42
39
45
39
39
43
48
45
45
39
41
48
41
66
40
42
49
44
54
48
42
42
44
43
47
44
45
44
45
45
53
40
52
37
47
45
45
41
50
50
44
46
40
38
48
41
43
42
40
36
43
44
41
51
37
34
46
45
48
58
43
48
59
62
41
41
44
41
38
51
37
43
42
44
45
42
39
62
37
38
38
43
34
41
37
36
32
41
34
37
33
38
40
35
40
47
42
46
49
54
43
37
37
35
39
38
42
40
36
39
35
42
45
48
37
35
35
37
44
43
59
54
48
42
38
37
38
35
33
40
38
36
35
40
37
42
41
42
40
39
44
42
42
40
41
36
46
46
45
38
42
39
45
43
60
59
52
57
57
52
43
40
42
57
34
31
35
33
35
30
33
37
