32
46
38
43
45
41
50
46
48
47
50
51
48
49
50
49
53
37
41
37
40
47
42
42
41
43
45
40
57
46
56
57
49
36
36
40
40
40
37
45
51
55
58
39
44
46
45
37
47
47
46
55
54
60
44
47
42
45
42
43
40
47
48
44
45
52
68
50
50
43
45
47
53
56
52
59
46
49
49
50
45
51
50
41
43
39
42
42
53
30
38
43
37
37
38
42
47
45
47
48
47
47
45
63
42
43
51
48
46
47
48
47
43
41
45
46
44
45
49
48
44
42
67
38
44
47
46
41
49
51
40
52
48
36
43
56
37
48
47
52
43
40
45
48
50
54
49
51
40
51
50
42
57
45
50
51
56
38
54
55
49
55
43
47
45
46
46
44
46
52
53
56
52
47
55
63
36
47
48
51
49
47
51
53
42
54
53
62
42
61
48
39
41
40
45
39
39
41
37
41
48
48
55
37
42
41
41
43
45
39
38
41
40
39
41
42
39
51
44
37
39
38
41
38
38
38
41
38
39
39
37
40
42
39
36
40
37
52
41
37
38
41
39
39
35
37
38
35
39
35
57
35
37
41
41
43
41
52
38
41
39
37
35
41
38
40
39
36
42
39
43
49
48
68
30
43
45
38
40
52
37
42
42
42
43
38
39
53
50
31
38
44
42
38
42
42
43
38
38
39
50
38
38
36
36
47
68
50
51
46
45
45
43
45
40
39
40
38
40
50
41
48
44
44
34
38
41
38
40
35
36
49
48
42
59
48
48
46
35
46
43
35
48
57
55
50
50
44
54
58
50
52
59
52
52
43
46
43
46
46
54
35
41
38
36
53
45
47
45
43
41
41
45
41
44
42
63
36
32
43
51
44
40
37
33
36
38
36
37
34
41
40
34
38
52
30
37
35
65
40
38
38
57
45
37
38
43
42
41
39
61
38
38
36
38
33
43
37
39
40
36
35
32
36
37
40
47
34
40
41
39
41
51
38
42
38
43
38
40
40
37
41
48
46
40
59
54
60
53
37
35
38
41
39
43
42
43
39
57
53
65
30
36
44
50
52
55
55
51
50
54
66
37
40
42
50
42
51
40
39
36
45
44
54
48
53
31
38
44
42
45
40
48
47
40
38
36
47
36
36
35
37
36
36
45
42
46
44
45
40
67
39
42
46
34
35
45
42
45
45
45
56
52
46
59
44
47
50
43
47
46
47
41
35
56
48
38
42
52
55
49
57
41
40
37
46
53
39
38
32
53
36
36
45
48
54
42
50
51
53
40
50
53
43
45
54
40
40
42
33
39
37
41
39
36
36
47
38
41
38
42
50
43
40
49
48
53
44
45
48
53
39
36
36
37
40
65
43
54
48
58
70
33
35
43
40
36
40
46
48
45
43
41
37
36
36
43
38
42
57
50
35
46
42
33
47
40
38
40
32
46
50
59
41
42
36
42
37
40
45
38
30
52
57
55
53
58
48
39
40
42
39
42
45
40
41
40
37
42
34
34
40
36
57
48
45
41
41
40
46
47
38
42
35
38
43
44
45
35
43
52
44
44
43
45
45
38
42
45
41
49
42
42
49
59
59
60
51
44
47
56
48
46
47
49
41
44
42
45
50
55
39
46
47
43
39
36
36
36
43
45
63
43
44
45
47
45
43
42
51
46
64
37
41
45
44
37
44
44
40
44
45
37
41
39
38
49
42
41
43
42
40
44
40
40
43
39
39
47
45
48
45
46
36
36
38
33
43
41
48
43
37
44
40
51
50
45
45
41
46
46
42
52
37
40
40
43
45
51
44
45
43
40
41
43
40
40
54
37
38
43
45
45
58
33
36
41
36
43
38
51
59
40
39
44
58
36
41
44
44
35
47
45
41
38
50
41
51
51
53
51
54
52
39
54
78
44
45
44
47
47
53
40
47
47
55
51
59
42
44
50
47
43
47
45
45
48
45
59
44
46
45
52
50
46
48
48
47
44
43
45
57
34
42
43
42
42
38
41
43
37
47
51
41
39
37
41
37
40
38
50
38
38
38
38
38
43
48
39
39
43
41
40
40
40
34
40
39
38
43
53
36
40
55
38
36
42
34
37
37
37
39
42
39
40
40
41
52
44
45
44
42
41
43
35
38
41
42
47
42
36
41
36
59
29
38
41
47
47
37
36
42
43
38
42
55
50
37
43
40
46
35
47
51
36
40
37
51
53
54
39
46
43
45
40
45
40
42
37
46
50
45
42
39
50
38
59
32
42
40
46
36
40
43
36
44
34
43
51
37
36
37
53
30
35
39
49
52
50
53
40
42
44
46
43
63
30
40
40
46
32
40
46
41
42
47
35
40
45
55
55
51
54
40
37
65
37
51
48
45
40
44
48
41
47
47
57
41
49
42
45
56
47
54
52
39
41
40
41
43
43
42
43
45
53
35
42
42
47
37
35
49
52
45
39
39
42
36
58
51
41
50
50
37
50
46
39
48
55
43
43
44
49
47
45
49
49
49
56
52
38
43
43
57
45
47
47
46
45
45
44
42
54
52
51
67
45
44
48
47
54
47
45
50
49
57
49
46
49
47
45
44
46
47
41
42
42
48
64
34
45
40
42
39
42
40
46
43
40
45
44
52
50
62
34
46
46
49
47
49
46
49
56
40
45
51
68
42
41
52
45
46
40
43
42
45
53
45
51
51
56
36
45
49
54
49
45
44
36
48
48
52
47
64
36
42
50
42
47
49
52
49
50
54
44
48
36
52
36
35
40
40
43
47
41
39
38
35
46
49
48
47
44
47
47
49
44
44
46
41
42
46
37
43
40
42
44
47
45
41
39
46
44
56
40
44
52
50
46
51
45
42
45
41
49
45
45
46
43
42
52
43
46
42
46
43
44
45
43
42
48
45
59
28
43
51
40
43
44
36
47
42
42
40
42
40
35
50
49
45
58
45
54
54
44
54
42
42
44
40
43
41
42
45
41
42
38
56
43
36
38
41
36
39
41
34
39
32
38
34
37
34
39
42
33
35
50
44
46
49
47
56
40
39
35
37
39
42
39
41
38
39
40
41
41
42
54
33
34
36
48
39
63
52
51
44
40
35
40
36
33
38
37
42
35
39
40
37
42
39
41
42
40
45
40
43
38
40
40
42
44
46
42
44
42
41
42
52
55
57
52
56
55
53
43
39
43
42
55
29
