48
31
43
46
43
42
44
50
50
48
49
49
53
45
51
47
54
40
42
39
39
39
48
37
46
46
40
40
49
50
34
58
60
58
41
40
35
41
40
39
43
44
56
52
58
38
49
46
40
45
47
43
52
50
53
59
60
48
40
41
45
43
42
41
48
51
43
45
52
69
50
52
46
43
47
55
50
52
52
65
40
53
44
49
48
52
40
44
42
40
42
42
63
26
37
43
38
37
36
43
48
43
49
47
50
49
47
46
56
46
47
50
48
52
46
47
49
44
44
45
45
43
51
48
46
44
46
46
55
46
46
43
45
43
57
39
52
45
42
43
62
33
49
45
53
47
39
46
47
52
53
53
47
44
49
50
43
53
47
47
51
53
46
52
54
67
40
48
47
37
47
42
47
51
47
58
54
50
48
64
52
50
49
46
54
50
52
55
52
46
60
52
65
45
58
43
41
39
40
47
38
38
43
34
54
42
60
41
40
46
38
45
42
42
40
41
39
42
39
44
41
44
47
42
35
40
39
39
38
39
39
35
39
37
41
42
39
39
35
44
33
57
34
39
37
42
37
40
36
39
35
41
34
50
37
36
42
40
44
43
51
37
40
40
38
37
43
37
42
39
40
39
42
42
55
47
48
38
42
45
42
39
49
44
42
41
44
41
43
41
47
45
46
39
40
47
38
41
43
43
39
36
42
40
47
36
38
35
37
53
66
53
51
50
42
43
42
46
43
38
41
37
38
38
49
50
44
45
36
38
40
42
39
38
37
45
47
44
55
54
44
52
35
44
45
37
46
54
59
47
56
41
54
66
47
54
54
53
55
45
44
46
45
45
61
34
40
40
40
52
41
44
49
42
40
43
41
47
42
44
58
35
36
43
51
46
43
37
35
36
32
41
35
39
38
37
35
46
48
32
37
38
64
41
41
40
48
52
40
39
43
42
38
37
51
51
35
36
41
32
43
41
38
39
38
36
37
35
38
43
47
42
36
47
39
61
28
42
40
43
37
39
41
39
41
44
44
45
68
52
52
44
37
39
36
44
40
43
42
35
66
56
45
40
33
48
43
55
50
54
54
64
44
48
41
39
45
43
54
46
44
37
40
45
64
46
43
34
39
39
44
44
42
44
47
40
44
35
38
45
34
40
34
37
35
38
48
51
44
44
45
48
45
44
40
39
38
41
41
42
41
47
54
48
55
49
47
50
48
46
46
45
59
43
38
36
47
45
46
44
53
63
50
49
38
40
42
43
53
42
38
38
50
38
49
42
46
53
40
48
52
52
40
53
42
42
52
46
42
46
43
36
37
42
42
40
37
41
38
46
38
55
35
39
50
44
40
48
51
53
47
44
47
60
35
38
38
36
43
66
44
54
54
54
69
42
36
42
40
41
36
47
44
47
41
46
38
34
36
43
37
46
43
63
41
36
46
44
37
49
37
40
41
35
41
53
55
45
57
32
42
37
36
50
40
31
46
56
55
51
65
48
46
40
41
41
39
44
37
42
39
41
37
37
40
40
36
38
60
43
44
50
46
42
47
43
50
47
37
39
37
42
47
52
34
51
48
44
44
43
46
41
41
42
37
45
49
46
61
47
72
51
55
42
45
51
51
54
44
47
41
46
44
44
47
51
44
43
60
42
41
36
35
42
41
41
57
43
49
46
60
40
42
45
47
45
50
45
47
45
54
38
40
43
47
39
43
44
42
32
39
48
38
47
40
56
38
40
46
41
41
44
37
40
42
45
42
46
41
46
38
34
39
40
44
47
39
42
44
41
51
42
64
39
42
45
44
46
43
38
40
50
42
44
42
49
39
43
48
44
42
37
57
36
40
39
36
48
43
44
42
38
37
46
42
35
53
56
40
43
43
41
45
52
41
43
40
44
45
43
40
39
44
55
54
51
51
53
53
41
53
65
64
40
45
46
47
47
47
47
48
56
51
50
64
37
50
44
44
52
42
47
46
44
48
44
55
46
48
47
52
49
48
46
45
44
45
42
39
41
45
64
34
39
40
44
36
50
48
52
36
40
40
38
42
39
37
41
39
42
47
40
41
53
42
33
42
46
40
34
37
38
40
36
40
42
41
40
58
36
43
37
42
38
40
36
38
39
39
47
36
37
40
50
48
35
40
52
43
43
43
37
38
42
43
45
42
38
41
38
39
36
59
30
44
46
39
40
39
41
40
48
43
59
41
39
40
38
53
34
47
52
35
39
36
51
55
52
42
37
47
56
37
45
42
45
36
45
46
49
42
42
42
46
40
48
54
28
41
46
40
40
40
36
44
34
58
39
37
36
36
39
39
38
39
53
46
56
48
42
43
42
51
42
45
40
51
41
35
43
35
47
42
49
37
40
50
34
55
54
52
58
43
40
41
54
52
48
54
40
41
44
46
45
46
43
63
44
50
39
52
51
51
53
41
46
55
33
44
44
39
41
46
41
47
39
42
42
43
45
50
43
52
44
38
45
34
37
62
51
43
51
51
42
47
47
39
50
48
44
45
47
51
63
38
56
47
53
56
45
41
61
38
45
52
49
44
45
46
43
43
52
53
52
59
44
51
46
56
47
45
48
53
45
59
48
49
49
47
50
41
46
44
43
42
46
55
41
49
38
41
58
27
44
43
45
42
42
41
55
53
44
40
44
50
45
49
43
47
54
52
52
50
68
38
50
49
46
47
40
42
45
46
52
47
49
49
50
41
47
49
53
50
48
43
40
43
47
55
49
70
36
37
58
38
47
51
50
51
51
50
51
45
46
38
56
32
37
40
43
40
47
42
33
38
44
44
44
42
43
41
50
47
54
41
43
39
43
41
38
41
42
42
45
46
45
43
39
45
45
62
37
59
44
44
55
46
45
42
43
47
42
45
45
46
42
57
42
44
49
43
46
47
44
44
45
42
47
55
37
41
51
37
47
44
36
40
45
45
40
44
39
36
46
47
54
49
45
49
58
44
57
42
44
42
40
41
44
40
43
41
40
47
50
42
38
41
40
34
42
39
38
39
35
39
35
38
35
38
39
37
35
50
43
46
49
49
50
44
37
38
34
42
40
38
43
35
40
39
45
41
40
53
33
35
41
42
39
56
55
57
38
42
36
41
36
35
37
37
42
33
39
41
37
43
38
43
41
42
46
41
46
37
42
39
41
48
43
45
43
42
39
43
56
57
58
55
56
56
52
43
42
37
43
47
28
34
32
37
30
36
34
29
32
30
33
30
34
31
31
31
33
29
31
32
32
32
31
29
34
31
30
31
31
29
49
38
20
20
18
18
17
22
19
16
17
17
14
22
17
16
18
19
17
23
22
12
18
14
26
17
18
17
18
16
17
12
17
23
13
21
17
17
18
12
17
16
17
18
11
16
25
11
11
13
16
13
18
17
18
17
32
12
18
12
18
15
20
17
17
18
11
17
17
17
18
17
18
18
21
18
17
18
23
16
18
12
11
17
18
17
18
18
18
16
17
17
19
16
18
16
18
18
17
22
23
12
17
18
22
13
17
18
11
18
29
11
17
16
20
25
16
17
13
17
10
17
17
23
11
18
17
20
19
16
17
17
25
14
17
17
23
15
17
16
19
15
22
17
21
17
18
16
19
19
18
16
18
23
15
17
17
22
16
17
17
21
17
17
17
19
15
17
17
17
23
16
16
17
22
12
16
17
19
16
16
17
16
22
16
18
17
21
12
18
17
17
27
10
18
17
23
20
17
16
23
14
17
17
16
21
18
17
21
16
17
17
21
17
17
17
18
20
21
18
16
22
16
17
17
20
18
17
17
20
25
16
17
18
22
15
16
18
24
14
16
18
24
15
17
18
20
13
17
19
25
22
17
18
24
15
16
17
23
20
18
17
17
18
11
12
18
17
27
18
11
12
17
12
17
11
17
12
12
17
16
11
21
12
17
16
12
11
13
17
16
16
18
11
17
21
12
17
11
16
12
16
19
20
21
18
17
23
20
10
18
22
16
21
18
24
14
16
17
17
16
17
17
20
13
17
17
19
20
16
17
17
24
20
12
17
23
15
17
18
22
16
18
16
21
18
17
17
16
24
15
18
16
23
15
16
17
22
22
18
16
20
18
15
17
