39
33
40
46
44
42
42
47
52
46
50
50
51
51
49
48
57
41
48
31
41
39
49
38
45
44
40
42
57
49
41
57
57
61
45
38
36
42
38
42
40
45
52
52
67
35
45
48
47
40
47
42
51
52
55
52
65
49
43
39
46
43
44
39
47
50
45
44
60
56
51
52
48
42
46
53
54
53
55
64
40
50
44
51
51
50
40
42
43
40
41
43
57
29
35
44
35
41
36
42
48
44
46
50
48
50
50
57
47
44
44
52
51
49
47
49
48
44
46
42
47
43
48
47
48
44
45
62
42
43
53
42
45
50
54
33
58
46
43
40
59
39
47
50
52
45
39
50
52
53
53
52
52
37
52
48
50
43
48
47
55
47
36
57
54
62
38
46
43
47
46
45
46
52
50
56
55
50
50
68
38
51
45
52
51
51
52
54
55
40
59
50
66
47
60
41
44
40
39
45
43
39
48
35
47
45
56
48
41
47
38
45
42
41
40
39
38
43
38
45
39
66
33
38
41
38
40
38
40
39
40
38
39
39
39
41
40
36
43
36
38
54
35
38
41
40
39
40
37
36
37
40
36
44
45
38
38
44
39
44
44
40
42
33
38
40
39
37
42
40
42
40
44
42
50
58
46
41
42
42
41
39
50
37
42
42
43
43
37
49
41
40
42
41
42
41
41
45
42
40
38
42
48
41
35
38
36
40
54
59
54
54
38
46
41
45
47
39
39
38
41
44
48
42
45
42
39
35
43
42
38
36
35
43
47
45
51
54
48
50
38
43
41
41
40
56
59
50
58
37
50
59
54
55
53
55
52
45
44
43
43
47
54
41
38
43
40
47
50
43
44
44
44
41
43
44
45
44
46
47
36
38
51
47
47
34
35
36
36
34
39
34
38
40
41
33
38
50
33
38
48
51
39
39
43
43
44
35
36
41
45
47
40
52
49
38
35
39
34
43
39
39
42
40
35
38
36
37
39
43
40
37
43
41
61
27
44
39
41
40
38
43
38
41
45
44
43
59
61
48
53
42
33
37
40
42
41
44
39
41
61
54
44
40
33
45
47
57
53
54
54
51
61
50
40
42
46
44
40
57
46
41
39
39
45
60
49
43
37
38
38
45
42
45
42
47
44
44
37
45
37
37
37
34
39
34
39
41
59
37
46
44
49
48
44
46
44
38
36
45
43
47
47
44
58
52
66
40
51
49
51
45
47
46
46
55
37
40
42
47
43
42
54
63
46
47
43
38
40
47
46
45
35
33
50
42
38
55
42
46
42
47
49
52
43
45
54
46
52
44
45
46
46
36
38
38
42
37
42
36
38
47
41
41
48
33
52
45
39
49
47
54
50
51
45
56
40
37
38
35
41
56
47
55
50
53
59
61
36
36
44
43
35
41
44
46
46
47
44
32
36
38
42
40
45
65
38
36
46
41
39
46
39
39
39
32
50
53
54
42
42
38
46
34
40
38
45
35
57
52
60
47
50
38
40
43
45
34
38
41
34
40
40
38
35
40
47
38
41
59
50
48
49
44
42
50
42
45
45
39
39
34
43
48
58
32
53
46
42
45
43
44
40
40
42
39
62
37
43
45
66
55
54
55
51
42
52
45
47
47
48
43
46
43
53
48
55
41
42
43
45
35
33
35
43
55
44
42
49
46
50
46
35
49
61
39
48
44
43
43
39
45
36
47
43
52
41
37
37
45
40
43
43
44
46
33
44
41
42
41
52
36
52
42
43
41
42
39
33
40
34
43
48
43
41
50
41
50
42
50
47
40
42
54
45
42
51
33
41
45
45
39
50
41
42
40
42
42
52
39
41
41
55
35
42
45
41
36
40
39
41
41
53
55
45
40
43
43
45
42
44
42
40
58
35
40
41
40
47
54
56
48
56
56
43
56
45
50
46
45
48
47
64
41
58
44
66
39
56
47
45
47
43
45
50
52
45
47
45
50
43
48
49
49
47
53
45
47
62
39
41
42
38
43
44
41
37
43
40
43
42
47
50
39
40
42
60
31
42
36
43
39
37
42
34
48
36
40
35
50
33
42
38
48
38
37
41
46
40
43
37
51
40
38
40
43
36
39
37
43
40
40
37
56
36
50
40
39
45
42
47
38
36
40
44
45
53
37
48
35
39
37
36
44
58
37
37
39
39
39
40
44
45
57
50
35
39
45
38
38
61
37
36
35
50
53
54
46
38
47
46
39
45
40
43
36
46
50
46
42
48
48
39
38
46
35
41
44
42
39
39
41
39
41
44
36
59
27
38
38
38
37
39
48
51
51
51
42
42
48
42
48
49
41
41
42
39
44
38
49
42
45
39
40
39
42
51
56
57
63
62
29
50
41
50
48
46
40
44
47
44
46
55
50
46
53
34
47
54
50
49
59
37
43
40
43
42
43
40
42
49
54
35
41
43
44
42
44
39
50
52
44
40
41
52
33
57
53
41
50
52
48
42
43
42
52
51
44
44
49
50
46
50
50
44
50
55
50
39
47
41
65
40
46
47
48
45
42
48
47
52
52
51
60
45
49
49
54
46
43
49
55
58
47
49
50
47
47
47
44
47
43
43
45
43
62
40
45
39
36
38
41
51
43
39
42
47
43
54
48
50
42
47
48
48
47
47
53
50
54
47
54
61
40
50
50
45
48
41
43
44
52
49
50
55
56
38
37
52
53
52
53
42
43
38
46
52
52
49
67
37
49
39
42
46
52
50
52
52
52
44
50
39
47
42
37
38
39
41
47
42
40
36
41
46
47
49
48
44
42
49
63
39
41
46
40
43
45
39
42
43
42
44
51
44
42
42
47
43
43
60
47
45
51
40
58
45
46
42
42
48
44
47
45
46
43
52
45
48
44
44
47
46
45
42
43
46
45
50
30
40
61
35
44
42
46
45
42
43
40
43
41
36
47
50
63
37
51
60
45
51
40
43
45
40
44
41
42
42
45
41
41
43
66
30
42
41
37
37
45
41
37
38
33
41
36
35
38
37
37
36
44
49
44
48
47
49
47
43
40
35
36
40
40
38
42
40
36
40
42
42
48
38
38
33
38
45
38
66
53
48
47
36
35
45
37
35
36
38
40
34
39
43
37
42
39
41
46
39
43
41
46
35
43
38
44
43
44
45
41
42
41
43
53
63
56
55
55
51
46
42
41
45
44
35
34
36
31
36
36
