41
33
50
47
43
41
40
44
48
48
48
49
49
50
50
50
55
37
40
41
41
37
41
45
43
43
40
44
44
41
61
49
52
55
55
37
40
37
38
39
42
44
44
53
54
55
41
46
47
48
36
44
48
50
57
52
54
56
41
43
40
43
43
42
40
49
47
48
49
52
58
57
51
46
46
46
50
55
52
56
60
43
46
48
50
49
52
42
44
44
33
47
43
54
26
36
42
36
38
34
42
48
44
48
60
43
50
47
43
49
45
46
57
45
49
45
50
45
44
44
44
47
41
48
48
45
44
45
51
52
44
45
43
45
47
56
35
48
43
44
40
58
33
49
50
48
40
39
48
48
49
56
52
58
36
66
34
44
45
47
44
52
60
34
56
55
58
47
44
48
42
46
48
45
47
52
52
56
52
45
52
58
47
55
43
50
52
52
48
59
45
45
52
48
66
50
51
43
44
38
43
47
39
38
42
36
43
46
65
31
43
42
40
46
42
39
42
40
35
44
37
45
41
52
38
35
39
38
41
39
34
42
39
34
40
37
40
37
43
36
37
39
35
39
59
30
39
40
38
39
37
37
53
32
35
39
39
37
41
38
41
40
45
42
56
34
37
42
37
37
41
37
40
39
37
45
38
42
44
51
48
48
44
42
42
42
39
51
38
41
41
45
41
37
39
61
41
39
39
41
44
40
44
42
46
42
41
36
39
42
35
38
36
38
52
67
50
53
47
44
42
45
42
43
36
43
34
41
42
44
48
45
42
40
35
38
40
40
39
37
36
48
43
46
62
43
51
46
35
43
45
37
43
56
57
58
53
41
52
53
51
54
53
55
54
49
44
45
46
46
44
61
32
40
40
40
51
47
44
47
44
42
44
40
45
47
34
41
59
35
36
43
49
44
39
34
37
35
34
46
33
34
45
38
35
34
65
34
34
37
40
53
42
39
42
44
47
40
37
46
42
38
41
50
44
46
41
34
39
36
41
40
39
40
38
35
35
37
37
40
45
45
37
39
42
43
48
38
41
38
41
40
39
43
40
39
48
46
55
49
54
65
48
39
34
40
35
46
37
43
43
38
45
55
55
57
35
33
44
47
53
55
56
51
55
45
68
40
39
40
45
44
53
56
35
36
37
46
47
53
40
55
32
41
42
44
43
42
59
39
38
37
35
36
34
39
36
34
38
40
44
44
43
46
43
63
38
45
45
38
36
41
42
48
44
45
57
52
46
50
52
57
50
45
46
43
44
44
38
38
63
39
43
48
56
54
54
52
36
41
45
39
46
37
35
46
45
37
40
43
52
61
38
49
51
43
47
52
43
43
47
54
40
40
36
39
39
41
38
38
41
43
40
40
34
39
54
44
39
47
49
54
47
50
47
49
46
44
39
36
41
48
45
52
48
58
66
41
37
40
38
40
35
44
47
45
44
45
31
34
31
48
40
38
55
40
35
43
43
45
35
37
40
36
33
52
57
45
43
45
42
35
32
44
48
29
52
52
58
45
68
44
44
36
45
38
39
42
46
42
41
41
36
38
42
36
44
39
49
53
49
48
49
42
40
46
46
43
43
34
39
35
50
41
45
44
53
43
45
42
46
40
40
40
38
54
43
46
43
57
54
58
53
43
46
53
52
46
44
48
41
42
43
44
54
50
43
47
41
47
38
36
38
37
49
48
49
47
47
44
47
42
39
46
52
45
64
38
42
39
44
39
40
48
37
42
54
50
33
37
37
44
42
42
40
44
40
41
42
43
38
39
39
57
47
41
42
39
38
33
38
35
42
52
37
41
41
62
37
45
46
47
39
47
45
42
54
37
37
44
51
40
46
43
41
49
42
45
36
42
44
39
40
40
46
47
47
41
36
39
36
42
38
52
56
40
41
48
42
42
42
42
46
48
50
47
53
29
42
48
53
55
51
50
52
44
64
45
46
47
41
50
45
49
42
57
48
59
47
46
52
43
47
48
42
45
50
44
45
68
38
49
44
47
48
52
45
47
50
51
40
40
50
43
40
43
39
42
37
39
42
43
38
47
48
39
40
41
38
39
52
39
39
37
52
33
39
39
41
42
34
41
43
40
41
38
38
39
37
40
49
41
43
36
47
41
39
36
42
39
37
38
38
39
40
35
36
49
52
43
31
47
46
39
45
34
40
42
40
45
42
55
35
36
55
35
39
39
43
38
41
37
40
42
37
44
50
56
51
32
41
42
39
38
59
39
35
35
51
50
56
47
42
48
52
35
43
39
42
36
45
51
44
42
42
46
38
49
43
37
41
41
46
39
42
44
39
44
36
40
39
40
36
40
42
39
35
38
49
49
52
51
40
42
45
46
40
64
33
40
41
42
36
39
49
40
41
43
36
40
38
58
55
52
58
41
43
52
48
47
50
46
41
42
55
44
43
44
47
53
42
49
38
53
53
46
55
41
66
31
40
45
42
40
41
46
41
45
40
44
41
43
42
55
38
50
43
37
38
40
35
60
55
41
49
50
47
45
45
38
48
58
38
51
50
52
47
45
40
42
61
46
41
43
46
45
52
41
45
47
40
46
44
46
58
51
46
50
41
48
48
44
45
48
44
53
48
44
46
48
43
44
41
47
39
44
41
59
37
42
57
34
41
40
36
43
38
42
41
53
46
64
31
44
47
46
45
48
48
46
56
46
48
50
55
38
57
42
47
37
39
43
49
46
47
51
62
30
42
50
54
50
48
42
40
41
47
54
52
66
35
41
40
42
45
50
49
52
50
48
50
48
38
42
46
37
38
38
39
43
44
40
36
40
43
51
44
51
41
46
43
57
39
45
40
44
39
43
39
42
42
41
52
43
45
40
45
51
41
65
35
42
49
41
57
46
41
45
41
45
46
52
45
43
44
58
38
45
46
44
45
49
40
45
41
45
46
48
29
41
48
42
46
42
38
40
43
46
41
44
42
35
46
46
48
57
53
46
54
48
45
42
42
44
40
42
40
42
41
44
42
42
41
53
47
36
39
38
34
41
40
37
37
34
36
39
33
36
39
36
36
46
43
46
47
51
48
39
40
34
38
40
41
37
41
38
50
41
39
43
40
38
35
35
45
39
61
48
57
39
43
31
43
36
33
36
39
35
31
37
37
40
45
32
44
41
40
43
41
45
35
41
38
45
44
46
41
42
40
40
46
58
59
54
55
55
60
51
41
42
