39
41
47
50
53
59
63
60
70
54
58
50
36
32
47
30
58
52
42
45
44
51
35
37
36
40
40
44
45
40
42
45
45
39
47
31
38
32
32
39
36
37
38
47
45
43
33
38
59
60
56
57
54
56
62
59
67
64
54
59
52
53
55
51
52
52
36
36
36
40
45
52
39
40
46
43
46
43
46
48
52
34
43
37
45
45
41
43
43
43
40
40
40
46
43
57
43
42
48
52
46
55
51
57
46
62
44
47
49
46
51
50
55
50
50
59
52
50
50
52
50
51
50
52
55
50
47
51
67
49
51
55
39
39
46
50
50
49
50
50
43
53
60
56
47
48
43
52
46
45
52
55
45
44
40
37
46
49
39
49
53
61
47
63
54
53
52
54
52
53
54
46
52
52
61
57
37
51
45
49
43
44
52
45
40
55
57
53
51
47
57
47
34
31
46
28
32
33
30
39
33
50
43
46
47
56
51
62
47
55
53
67
63
62
45
61
57
58
56
60
51
55
55
66
59
56
58
57
55
51
60
58
55
56
57
61
64
46
62
53
56
53
54
53
56
54
74
58
48
57
53
48
53
52
55
50
57
55
52
70
40
48
50
55
62
58
50
49
43
57
59
65
66
50
52
54
46
46
43
44
45
43
47
47
41
45
44
50
60
49
52
45
49
46
53
48
46
48
50
45
47
45
53
55
66
60
55
56
56
52
53
49
49
54
55
54
68
64
51
43
49
54
48
47
49
43
46
49
38
40
47
62
56
52
45
47
47
50
47
50
48
53
37
36
35
42
47
46
47
49
72
52
48
49
50
44
44
47
50
49
47
47
50
47
45
45
38
42
40
41
51
71
49
50
44
39
41
47
52
39
44
41
42
43
55
47
58
58
54
47
55
50
48
47
44
50
42
46
48
46
45
39
46
56
43
47
47
54
64
51
46
51
46
47
47
45
44
48
47
49
47
48
41
42
45
49
47
62
43
42
46
48
48
51
51
43
35
38
39
47
45
39
42
35
40
38
40
45
52
67
56
56
55
51
50
48
44
46
40
38
54
60
59
59
52
53
47
44
46
50
47
50
44
53
50
65
56
50
51
52
49
54
49
44
50
49
50
57
55
66
63
42
44
47
43
49
45
44
52
46
45
45
43
44
42
44
44
46
49
43
45
45
68
35
47
43
46
39
45
41
43
49
46
46
60
42
47
46
54
50
46
48
54
54
54
51
51
49
52
53
46
50
42
46
46
41
43
44
42
66
39
48
54
45
55
53
56
53
56
53
69
48
52
54
53
57
54
58
46
64
46
45
53
53
51
57
47
52
49
57
62
39
42
53
43
47
45
50
44
41
44
49
57
53
50
53
68
43
50
52
49
47
46
49
54
54
54
56
56
53
67
47
50
47
50
54
47
49
49
49
45
50
48
53
50
69
37
48
52
51
45
62
48
50
50
48
63
52
63
52
54
52
59
49
57
68
50
57
49
52
52
53
59
54
64
45
50
48
46
52
52
56
55
54
54
69
54
55
59
55
55
51
48
48
46
50
61
53
53
43
43
45
47
45
41
53
51
51
54
52
44
46
48
51
70
42
47
49
47
50
50
52
51
56
46
49
50
45
50
49
46
45
47
60
39
45
46
44
45
43
46
47
47
45
46
44
50
56
42
42
43
47
43
53
62
45
44
54
52
56
53
51
47
52
54
56
49
54
49
50
50
49
51
50
52
56
57
62
55
53
53
45
52
55
59
56
56
59
35
36
35
52
56
56
53
68
51
63
59
50
49
47
47
46
49
51
47
53
47
45
46
43
45
41
58
62
50
53
47
51
59
53
55
52
48
49
36
54
47
43
50
51
52
50
51
48
44
51
37
48
46
51
73
52
55
50
54
62
52
52
49
54
58
56
71
47
56
52
53
52
51
50
41
49
56
58
56
54
58
53
53
56
54
58
48
53
49
53
60
58
60
52
56
53
66
47
51
55
60
57
57
64
55
60
47
61
52
55
49
50
60
65
54
52
47
50
47
47
43
45
52
49
50
52
42
44
51
48
57
46
42
38
45
46
48
44
46
45
40
43
46
49
40
47
45
49
50
62
55
54
47
50
52
56
52
55
50
57
51
49
51
64
44
46
50
48
51
50
51
52
48
49
52
47
47
51
54
54
60
40
46
51
45
48
39
52
45
47
41
49
41
58
46
43
49
63
62
36
46
46
46
47
42
51
49
46
44
47
46
48
49
49
50
67
45
55
48
50
43
44
51
49
49
52
46
49
43
47
46
60
38
45
45
53
47
48
48
49
49
50
55
57
56
77
50
54
51
52
52
52
53
57
58
55
71
49
56
52
52
58
47
49
53
46
49
51
47
63
42
52
48
43
55
40
48
50
41
43
45
40
37
38
37
50
51
54
44
48
56
62
40
46
45
51
43
45
48
53
44
47
49
54
47
66
38
51
48
46
48
45
52
48
48
48
44
45
52
49
45
52
59
55
57
44
44
45
55
56
53
58
57
52
56
54
52
52
51
57
46
48
50
45
47
50
45
47
46
46
46
56
55
57
50
45
47
46
49
47
51
44
43
47
57
38
44
43
44
46
46
42
48
47
54
52
52
57
52
57
50
56
50
55
55
54
65
54
50
58
53
54
62
53
51
67
45
52
51
50
46
49
47
46
57
49
54
47
69
46
48
48
48
50
48
56
44
48
53
48
47
50
62
59
53
50
52
49
45
46
47
46
50
45
45
57
60
50
47
52
48
45
52
45
50
45
45
45
45
46
48
49
49
48
72
37
36
34
45
38
44
49
49
53
52
46
48
46
47
47
50
53
52
49
47
51
51
48
54
46
49
41
41
53
46
45
44
46
45
48
47
56
45
46
47
47
51
45
45
52
43
43
39
42
43
41
42
42
55
40
45
48
54
54
57
54
53
52
53
69
54
59
53
63
51
61
53
54
59
66
56
65
46
51
52
50
45
45
55
53
57
62
46
49
49
45
43
52
41
40
40
40
43
41
44
47
48
44
48
58
40
47
50
50
46
50
47
47
49
45
50
45
45
46
59
35
45
43
47
52
61
38
45
51
49
49
50
50
44
70
52
51
49
66
51
58
53
58
51
58
55
66
37
49
56
55
55
53
55
53
50
62
42
51
61
50
45
50
52
52
58
41
49
49
48
43
47
48
56
61
50
47
56
50
50
54
43
47
57
52
50
46
50
50
47
52
52
58
63
46
49
52
52
54
52
45
50
50
49
49
46
53
44
45
46
42
42
60
50
43
43
45
42
46
48
66
47
67
55
51
53
46
57
55
67
44
49
46
48
50
49
42
51
54
52
46
47
43
48
57
48
54
44
51
44
41
46
40
60
44
51
51
46
46
45
48
55
49
49
52
53
51
51
60
52
59
53
53
63
46
45
60
48
52
44
49
48
51
54
48
47
42
48
46
45
48
46
51
57
51
51
51
50
57
56
61
53
55
52
58
55
56
47
49
47
49
52
48
52
49
58
51
60
50
49
47
44
45
53
43
50
47
55
47
56
53
53
57
45
44
45
46
46
45
47
46
46
43
53
41
48
62
46
53
51
57
53
50
50
53
52
63
48
59
54
57
51
48
50
51
51
50
56
57
51
49
50
43
42
57
57
58
57
59
53
51
59
42
55
68
42
45
47
51
61
56
52
60
47
56
58
57
50
54
56
60
59
64
55
58
54
50
54
53
51
57
57
60
58
52
48
51
48
54
65
55
50
68
49
53
51
52
46
50
44
48
54
49
51
48
65
45
48
47
49
48
45
46
47
50
50
49
47
49
48
50
51
63
45
50
47
46
50
46
47
49
53
45
45
48
47
48
56
55
50
56
62
50
57
47
49
49
50
42
56
53
53
61
57
62
49
45
50
48
47
46
52
47
56
45
42
44
46
56
44
38
46
45
47
48
47
47
53
55
52
57
54
55
62
48
59
59
54
53
58
63
54
53
54
56
55
54
53
45
49
52
47
45
44
52
47
66
39
48
48
47
38
47
49
38
44
52
49
45
42
45
50
47
45
61
39
44
47
48
52
54
55
53
54
46
52
58
51
65
55
49
58
56
54
57
54
59
