42
45
46
47
47
46
51
61
59
60
49
55
51
41
49
49
30
56
50
45
44
38
36
36
40
37
41
33
49
43
45
42
43
44
62
42
46
34
36
30
38
35
40
37
41
38
36
34
31
38
55
76
51
54
57
63
54
56
59
56
57
54
54
54
54
74
46
52
48
44
37
43
38
39
37
40
41
42
47
44
45
45
46
44
45
57
38
44
42
42
41
44
41
43
40
38
46
43
28
44
45
45
46
48
50
50
72
44
55
48
52
43
46
45
46
52
46
45
48
51
52
54
51
60
46
55
47
51
48
52
54
50
48
47
52
52
57
49
56
32
46
47
52
47
52
51
50
43
56
50
55
52
49
46
49
56
51
46
51
50
49
40
40
38
48
46
42
48
46
50
50
58
58
52
57
50
58
50
51
53
47
50
54
48
49
46
47
56
41
46
44
44
53
45
44
57
53
51
49
44
49
46
50
29
33
31
32
32
30
32
35
42
51
43
49
54
57
55
55
55
49
54
59
53
61
46
58
56
59
63
50
58
52
54
52
56
55
53
55
63
47
52
57
57
62
53
54
51
52
65
51
55
53
56
56
63
53
54
56
63
57
52
51
51
50
55
49
56
52
53
66
50
48
44
44
51
56
61
55
51
46
41
61
61
56
55
46
54
53
42
45
61
40
42
43
48
46
42
43
43
46
49
51
50
49
43
46
54
48
49
47
48
49
44
44
45
51
57
53
54
55
53
54
68
50
52
50
54
52
52
53
54
53
53
74
41
48
50
45
49
44
45
50
42
44
37
51
45
48
45
47
70
52
55
48
50
51
38
36
37
44
44
48
47
45
47
50
47
46
53
48
62
47
49
48
50
46
51
47
47
47
40
63
43
36
42
44
52
45
56
45
60
55
40
51
48
45
43
39
43
41
47
50
48
45
45
45
55
47
49
45
52
69
41
46
43
51
46
43
42
47
49
48
46
46
53
46
46
49
52
45
44
64
44
40
46
50
46
49
48
46
42
41
46
49
47
46
48
39
44
50
47
60
44
45
42
35
41
47
40
42
41
42
33
41
36
37
45
52
55
54
55
56
66
47
53
46
45
41
37
45
53
52
52
53
52
57
61
41
46
49
47
53
45
55
47
52
55
50
68
56
50
50
53
47
49
52
42
61
48
54
49
60
59
41
47
45
44
46
43
48
48
49
44
44
42
43
41
44
47
47
47
44
44
67
32
45
42
45
36
44
39
43
42
43
46
44
47
43
46
48
52
49
48
48
48
56
50
54
56
47
45
53
52
45
48
46
48
45
42
42
42
43
54
43
47
50
50
52
51
57
53
53
55
55
52
54
52
50
54
57
51
57
57
53
52
41
52
53
51
51
51
52
47
52
47
56
45
42
47
45
43
44
44
51
45
41
42
46
54
53
50
51
57
47
45
53
52
48
50
41
51
52
50
54
56
59
49
50
56
48
49
51
47
50
47
48
49
51
41
53
51
48
51
52
49
43
50
48
50
60
49
54
46
50
46
55
55
61
58
57
51
55
55
49
58
56
58
53
54
49
52
55
55
57
59
44
47
50
44
45
55
50
54
54
53
57
75
55
48
58
56
57
53
48
44
52
44
72
36
59
38
45
44
46
39
44
51
46
54
53
49
45
47
60
45
50
43
49
50
44
48
49
52
52
50
49
47
48
47
52
48
44
49
43
43
45
44
44
51
43
46
41
43
48
45
47
46
45
56
41
57
36
43
44
46
61
47
43
47
51
53
52
58
52
49
48
55
48
51
56
61
38
50
52
50
51
53
51
55
57
57
52
55
50
57
54
59
58
53
45
36
37
35
48
53
67
52
62
52
57
57
54
45
47
51
59
38
52
45
49
54
45
46
44
42
44
50
50
60
59
44
54
56
57
55
44
53
45
46
41
30
56
54
48
46
53
50
51
48
42
50
49
47
50
51
67
53
48
49
59
60
52
51
54
52
54
58
58
65
46
53
60
53
61
46
56
53
39
40
58
57
55
55
53
60
53
56
51
61
50
53
48
47
53
55
66
56
55
51
52
50
51
51
53
58
78
44
61
56
50
52
49
59
55
62
59
50
51
57
61
54
53
52
46
50
57
48
46
46
48
46
51
48
42
44
49
45
47
44
44
45
43
44
45
47
57
47
45
40
45
46
46
47
43
47
45
59
49
50
49
47
49
47
53
68
54
51
51
55
52
50
52
49
46
50
48
47
68
46
50
50
52
50
46
45
44
50
49
53
47
46
50
42
48
61
50
48
40
53
46
45
44
47
44
52
50
43
57
52
52
50
48
46
44
43
46
52
50
49
47
48
42
45
46
48
49
47
52
51
66
46
49
44
46
44
52
49
47
51
47
50
46
45
49
45
42
58
42
49
47
49
49
48
47
49
50
54
56
62
54
75
51
53
50
52
55
47
57
55
60
56
65
55
55
56
51
50
55
48
46
50
48
45
45
66
43
49
48
53
40
43
47
51
51
45
40
42
42
42
45
47
45
45
56
49
49
45
48
65
43
50
45
47
45
52
45
45
48
51
47
45
57
50
50
47
44
49
51
48
56
42
49
49
51
44
50
49
47
55
48
50
50
50
46
59
57
50
45
42
47
56
58
54
65
48
54
52
50
54
55
48
51
47
47
48
45
62
41
47
46
44
47
47
45
51
59
52
50
44
47
42
62
44
51
41
44
44
46
40
47
41
47
46
49
39
52
51
50
53
51
49
52
55
53
55
54
51
58
57
63
43
55
53
54
58
52
66
58
50
51
51
54
52
48
47
51
47
49
64
50
49
45
47
47
49
49
50
47
47
47
52
48
46
67
48
48
53
47
47
50
54
55
47
48
47
51
59
56
47
59
57
44
48
49
43
47
65
44
49
47
46
51
45
47
43
73
41
50
48
47
50
47
53
35
38
35
41
40
47
49
48
52
53
62
44
50
46
46
47
52
46
51
49
46
50
47
52
49
49
42
61
37
42
43
44
44
44
44
46
50
45
49
46
45
46
49
47
43
44
62
36
43
38
39
42
43
40
41
44
44
45
42
60
52
50
55
58
52
56
57
57
58
65
58
52
56
55
54
57
55
52
63
66
62
50
51
51
49
45
45
50
47
57
52
48
47
52
46
42
47
45
42
40
39
37
41
40
44
44
45
47
46
43
46
52
50
43
49
48
48
51
46
48
49
47
44
46
47
38
61
34
54
45
47
46
43
47
46
52
51
51
47
49
48
52
52
56
47
50
61
52
58
56
54
53
54
56
43
48
53
57
52
56
52
53
49
55
47
52
54
59
47
43
54
52
50
52
50
45
46
47
42
63
43
51
53
50
49
47
53
50
64
38
41
57
55
53
47
46
52
47
47
50
57
60
52
48
50
49
50
53
55
44
49
48
49
50
47
60
41
47
45
43
42
48
63
41
46
44
43
42
47
48
62
58
57
58
51
50
53
47
70
51
55
50
50
46
48
51
46
50
46
48
53
46
46
43
46
60
48
47
50
46
46
45
44
43
44
56
45
53
50
45
48
42
47
53
53
57
44
52
52
52
63
46
62
56
55
54
61
55
60
52
60
50
53
52
57
49
51
50
60
47
48
47
49
43
50
50
44
56
52
48
53
63
51
50
58
57
53
54
52
52
53
58
46
51
44
50
45
50
56
47
60
56
44
48
50
48
41
46
49
48
45
46
56
48
51
58
47
48
50
44
46
46
47
45
44
50
43
47
41
51
46
60
48
49
55
50
56
51
52
47
55
56
55
47
57
58
49
47
51
48
66
47
52
47
55
50
50
46
41
46
57
60
59
65
53
54
54
45
52
51
54
45
48
49
52
60
55
50
53
55
57
57
55
49
55
57
54
60
65
56
57
51
62
58
49
53
56
56
54
64
50
47
50
50
66
56
51
55
46
56
53
53
48
59
58
39
56
45
46
47
49
50
49
46
48
46
48
48
45
50
48
54
50
50
48
49
51
50
50
47
46
47
50
45
46
47
47
51
47
56
47
43
48
51
53
45
56
51
44
48
45
43
39
63
48
56
51
54
52
52
45
52
46
47
48
57
51
55
45
47
46
46
47
45
39
45
