71
69
47
55
45
44
42
36
34
29
32
32
36
33
36
31
34
50
51
47
47
57
47
66
53
51
47
46
46
47
41
44
56
47
54
47
49
58
49
47
48
46
46
43
45
50
44
50
46
52
45
57
53
48
55
49
42
41
42
41
45
44
40
71
37
39
46
40
48
54
43
45
50
54
51
55
56
53
56
56
55
52
54
58
52
54
58
51
54
61
48
56
49
52
52
55
59
52
52
55
56
59
64
59
50
57
59
51
57
57
52
57
55
57
53
55
53
50
51
54
55
53
59
48
51
50
48
54
56
57
58
64
57
56
50
50
53
44
45
52
56
54
57
57
55
53
57
59
51
54
51
55
56
58
70
59
53
55
57
50
53
49
58
53
54
44
88
48
50
53
48
52
50
51
56
55
44
64
58
50
44
47
41
38
58
50
50
51
54
51
44
43
54
67
42
50
52
50
58
34
37
33
43
43
47
44
38
41
44
42
37
39
44
73
47
37
35
46
40
44
41
39
36
43
45
40
41
38
46
40
33
41
41
36
53
66
47
39
41
40
45
46
41
40
39
51
41
45
46
47
46
42
50
47
47
48
51
53
34
39
40
36
40
36
37
37
42
37
37
39
41
43
46
37
48
50
43
38
42
40
41
54
50
41
42
38
42
38
41
40
38
44
40
37
39
43
42
41
47
45
42
41
46
39
57
40
39
57
42
41
37
45
47
46
51
55
60
54
55
54
55
58
50
58
47
58
57
58
67
53
55
56
55
46
51
55
50
61
58
49
47
51
49
51
45
42
49
46
46
61
45
49
53
61
43
45
51
55
58
50
55
65
51
48
43
44
43
46
43
40
46
43
43
59
62
47
47
51
51
52
54
59
60
54
51
54
52
44
49
62
49
47
52
45
48
53
42
46
46
54
59
70
52
54
53
50
52
54
56
45
51
49
68
51
47
51
45
46
50
52
50
53
49
50
63
42
46
40
38
45
43
43
45
41
44
45
55
46
44
46
41
64
44
46
46
47
42
48
44
50
50
48
49
48
45
49
54
47
74
58
49
50
51
44
53
50
52
46
48
51
76
40
46
44
51
54
51
50
44
52
52
55
72
38
49
39
46
39
41
43
49
47
47
58
50
55
50
82
40
42
40
41
39
42
45
55
57
52
43
52
65
50
78
55
40
40
42
45
47
47
48
47
47
50
56
45
49
49
53
59
46
37
36
45
39
35
40
40
38
39
46
47
46
50
44
45
42
44
43
41
42
42
37
66
38
45
40
46
48
48
51
69
47
42
41
45
43
40
47
48
44
34
45
65
47
44
40
46
43
41
40
42
36
38
40
33
38
43
52
44
46
47
43
46
45
46
52
80
45
54
52
50
50
51
53
52
53
52
52
59
40
53
55
52
45
44
49
45
47
44
31
34
40
36
33
41
50
41
36
68
37
40
51
52
50
56
61
48
47
47
47
53
41
46
52
50
47
34
41
57
34
38
51
54
49
56
52
53
55
46
61
53
42
45
54
50
66
51
50
55
53
53
56
48
53
49
55
55
53
59
60
56
52
58
52
59
49
45
53
50
51
52
47
50
56
65
44
45
50
49
59
45
44
53
57
70
50
55
53
57
52
57
54
49
62
44
50
46
48
52
57
55
73
52
55
45
50
57
60
60
51
50
68
50
52
44
57
44
53
54
53
53
57
66
55
46
42
54
44
45
50
52
51
47
43
57
42
43
44
51
45
42
55
41
46
46
50
55
56
54
58
50
49
51
65
51
56
53
53
58
58
55
49
52
81
44
48
46
55
53
42
47
41
52
47
63
55
48
47
55
51
56
41
47
52
48
54
51
73
59
45
53
74
63
42
50
42
43
39
39
43
45
49
72
44
46
49
48
54
50
52
51
51
42
47
46
42
40
56
68
42
44
44
44
42
38
45
46
54
49
45
48
48
48
71
39
41
41
42
38
39
39
40
51
37
40
44
43
39
35
38
37
40
49
46
47
49
67
59
50
41
50
41
43
45
47
50
39
46
41
44
46
43
45
44
47
46
40
68
37
39
38
43
38
41
39
41
39
40
36
42
39
40
40
42
38
41
40
37
36
40
39
33
49
53
56
58
40
38
40
42
38
40
43
41
43
42
38
40
38
37
39
42
49
49
48
50
59
52
48
46
45
51
46
48
45
39
47
45
43
45
48
52
47
43
48
62
55
68
51
54
53
51
55
50
52
49
38
41
51
63
42
43
42
46
42
47
46
41
45
41
35
31
44
58
41
47
52
50
49
54
51
52
55
49
66
52
47
50
55
52
50
50
55
61
55
60
80
59
67
54
57
53
50
52
46
65
46
45
42
41
44
47
50
52
47
52
52
42
46
54
60
43
48
50
44
43
47
44
47
46
41
39
39
48
46
43
51
43
51
55
44
44
40
38
42
47
64
39
41
42
47
52
53
54
60
54
53
56
60
56
57
57
54
58
66
57
54
57
65
50
56
55
54
58
78
52
54
60
51
55
53
59
51
68
56
53
53
46
49
50
44
46
44
45
41
47
52
45
48
56
40
44
46
43
45
47
45
45
47
47
45
41
49
44
35
49
50
56
73
44
55
47
49
43
39
41
41
41
40
57
43
37
38
42
39
57
42
50
56
59
54
53
62
55
57
54
65
57
54
60
55
55
56
57
53
52
48
50
53
69
49
57
56
54
54
57
55
55
51
78
50
51
49
50
47
52
52
52
50
47
52
84
55
51
53
51
50
56
48
47
42
44
50
50
77
44
48
55
50
51
53
53
52
48
47
51
46
45
50
71
44
44
43
41
47
42
46
51
52
44
48
48
53
45
46
44
46
42
43
64
37
37
42
41
42
43
46
49
46
47
45
41
43
42
42
41
40
41
52
41
40
41
41
41
44
43
35
41
43
40
60
61
51
53
52
47
50
48
48
53
41
43
46
50
47
60
47
41
42
40
45
46
44
38
43
44
42
49
55
57
53
65
52
52
51
56
50
54
58
60
52
63
52
50
46
46
43
48
50
50
54
54
60
58
47
49
47
52
55
55
50
48
54
69
43
47
50
49
47
45
47
53
53
54
53
78
44
52
51
52
52
50
47
47
47
51
52
75
48
50
56
47
46
51
48
45
45
49
55
51
70
47
52
55
47
41
49
40
46
45
54
46
47
48
55
47
51
48
46
46
50
49
48
36
50
69
43
47
48
52
56
54
61
52
52
54
55
56
53
57
57
64
57
47
55
52
52
56
56
61
54
51
51
47
40
45
60
38
42
42
50
46
53
59
50
47
52
68
60
47
53
49
49
52
49
50
51
64
75
51
52
49
52
53
53
51
38
34
41
44
42
48
74
53
49
49
46
41
44
39
38
54
45
49
48
43
45
43
44
60
59
41
45
43
49
41
42
43
43
37
46
38
38
41
40
44
40
45
45
41
80
39
48
42
40
43
42
51
45
46
48
43
43
49
39
37
38
45
49
43
64
55
46
43
43
45
43
45
46
44
45
40
57
37
48
51
45
44
50
38
43
42
47
42
72
42
42
45
46
51
50
42
42
47
43
44
44
45
44
52
48
48
44
36
42
75
42
49
47
41
37
37
50
45
41
37
38
38
39
39
43
46
43
45
46
43
46
49
43
66
47
49
46
44
42
41
43
41
46
45
42
41
46
42
45
43
46
50
47
64
57
50
49
55
46
49
62
49
49
52
55
50
63
63
52
50
53
50
50
51
49
50
48
48
44
50
52
56
63
49
52
51
51
51
39
42
35
39
45
45
43
39
43
47
45
67
49
53
49
51
52
53
50
51
53
47
49
62
67
59
52
50
51
49
44
47
45
47
48
43
36
41
34
38
40
71
47
53
45
39
37
50
33
41
57
43
49
52
50
55
68
53
49
48
53
42
50
53
45
49
45
44
45
42
37
41
39
66
52
35
41
42
42
41
41
40
45
42
44
43
45
41
41
45
42
45
43
35
42
45
46
47
41
40
48
45
59
49
40
39
42
42
40
30
45
43
46
43
36
38
55
50
51
69
68
55
52
47
42
45
55
48
47
44
43
51
45
82
44
49
49
47
47
52
49
47
45
36
40
