51
53
47
52
47
52
50
49
67
50
46
52
42
47
51
50
54
56
52
43
49
46
49
63
60
43
48
35
35
40
40
39
40
45
48
40
40
37
36
35
38
34
38
43
43
49
47
48
45
50
53
79
41
50
50
47
46
47
49
51
47
43
49
48
53
55
60
47
46
41
43
46
47
41
50
50
43
47
44
42
44
43
46
71
48
45
44
45
46
45
44
50
45
46
46
50
51
47
44
46
61
47
44
51
45
46
51
49
43
42
44
54
42
45
48
51
46
76
53
53
53
46
46
49
43
42
45
45
50
44
42
41
64
57
36
36
66
41
51
45
42
40
43
38
37
42
40
42
35
40
49
50
52
75
51
49
53
53
55
54
58
51
53
66
51
47
42
39
42
50
51
45
46
46
43
47
47
50
46
61
48
46
43
44
45
48
45
57
41
47
44
39
44
47
49
52
57
55
72
49
55
54
55
61
53
49
55
60
53
50
66
55
51
52
51
51
52
47
40
44
46
62
60
58
51
54
58
41
37
52
50
48
54
69
59
50
49
50
63
50
48
47
47
60
47
43
45
51
45
47
52
53
47
44
44
42
47
43
45
52
74
42
56
53
48
47
43
45
42
47
49
53
64
48
50
51
49
52
47
51
46
53
47
43
45
50
44
52
49
60
54
54
52
58
54
58
65
55
57
51
51
52
56
53
56
54
50
57
59
50
51
53
58
51
67
41
40
64
46
43
48
50
72
56
54
52
57
46
55
55
55
52
65
61
57
54
51
49
46
68
50
53
54
54
82
59
52
50
56
49
54
51
51
52
51
61
62
45
46
40
45
52
49
47
47
46
47
55
48
50
67
57
44
46
42
50
44
44
43
47
44
43
50
53
46
46
40
61
51
39
48
43
43
37
38
43
42
41
38
39
40
40
43
35
35
36
35
37
42
38
40
37
33
43
41
40
43
41
44
42
44
43
38
37
38
48
61
44
43
42
43
39
38
42
44
52
50
52
45
44
49
51
57
47
50
56
74
41
41
43
41
40
42
40
47
56
52
57
51
57
49
45
53
82
41
47
42
41
38
45
42
38
50
42
43
50
40
40
43
41
42
40
42
40
37
36
45
72
35
43
39
39
43
47
49
48
42
44
50
48
43
45
44
45
50
50
46
76
42
44
45
47
51
51
49
53
45
43
42
38
38
38
42
49
42
45
45
47
43
67
44
43
41
44
47
45
43
44
43
43
42
43
38
33
47
38
36
41
45
43
41
41
45
38
44
46
57
57
42
37
41
45
42
43
41
46
42
47
46
45
50
49
49
35
48
67
56
44
45
44
47
44
43
46
44
42
43
39
41
38
50
55
60
68
60
43
50
55
46
51
45
48
46
45
39
41
53
45
46
71
34
47
45
42
41
42
44
42
45
42
40
41
43
44
44
47
46
47
37
40
40
38
50
42
42
41
68
36
38
38
39
42
39
34
42
44
42
58
47
42
41
46
48
39
47
46
43
44
63
37
42
44
40
48
56
45
49
49
45
44
53
52
49
50
48
68
48
44
46
46
43
48
45
50
41
49
44
46
46
47
62
45
48
54
55
54
50
51
58
46
51
62
53
54
47
49
53
53
52
50
46
69
42
47
44
43
39
42
44
54
47
55
58
54
77
56
55
52
54
48
50
56
56
56
74
42
53
49
52
48
48
50
48
50
48
45
47
66
50
57
51
46
46
47
45
45
47
53
57
57
55
74
51
53
56
50
47
49
47
50
44
43
43
45
71
44
46
47
44
43
52
43
40
40
41
46
53
58
56
58
84
46
55
52
35
39
35
35
38
39
44
45
47
43
45
49
67
46
47
53
49
49
60
43
52
52
48
47
70
46
49
44
49
46
49
37
45
47
46
47
48
49
50
76
42
49
45
50
52
46
41
37
38
38
51
50
45
49
48
44
57
50
68
49
44
45
44
43
48
52
52
51
51
52
62
50
47
51
50
46
49
47
44
43
40
46
58
42
42
45
47
47
52
55
53
55
61
54
52
55
76
47
63
58
67
53
51
50
50
48
53
52
57
52
74
52
53
46
50
50
50
49
48
53
47
47
49
67
56
52
48
53
54
53
57
46
53
50
46
81
45
55
56
52
55
50
49
50
47
47
63
47
44
47
42
45
49
45
44
45
42
45
62
40
48
41
49
45
46
44
41
41
59
51
50
47
53
46
50
47
53
43
47
49
45
67
41
47
54
46
43
56
52
61
51
53
54
52
47
50
57
57
55
54
60
54
50
54
55
76
56
51
58
55
52
57
52
47
74
48
45
47
59
45
57
53
56
53
55
65
54
47
47
52
50
44
40
40
38
41
50
49
50
55
57
66
43
43
41
43
45
49
45
41
50
38
39
38
36
53
45
55
53
83
42
51
40
37
36
43
43
36
43
45
42
52
50
50
66
46
55
50
55
51
51
45
47
41
46
55
47
48
45
45
46
44
46
42
45
45
50
54
44
50
65
50
50
49
44
46
46
60
43
48
48
49
50
52
66
53
55
44
52
51
53
50
55
60
62
58
55
54
54
55
62
56
66
54
46
43
44
45
47
49
47
45
44
42
54
49
57
54
55
51
57
55
55
62
53
68
60
56
53
60
55
53
58
48
48
73
41
50
48
47
47
47
46
50
51
52
52
39
62
52
47
46
42
42
51
45
43
45
47
43
43
42
61
54
55
49
48
45
52
52
53
52
65
50
58
53
51
61
47
52
64
44
53
47
46
48
44
44
50
61
50
54
57
57
58
52
55
69
54
56
56
47
47
51
50
50
58
52
72
58
53
53
54
55
50
46
49
51
52
51
61
57
52
50
47
45
45
54
42
51
52
50
49
50
79
58
41
49
45
50
44
51
50
52
47
50
48
80
34
45
49
50
53
46
50
50
51
55
57
55
79
56
57
55
54
52
52
47
50
42
60
45
43
42
50
44
45
45
39
49
51
45
51
49
49
48
49
49
66
45
43
46
47
44
47
46
45
49
39
42
45
45
52
39
39
38
43
42
40
71
35
38
38
42
47
49
47
47
48
45
44
41
40
40
35
44
50
59
52
50
50
78
46
50
57
45
48
50
53
50
51
50
83
45
48
50
47
42
47
42
45
43
46
44
44
47
70
41
43
41
42
45
42
48
41
45
41
41
46
50
50
53
70
45
41
54
41
42
42
44
40
40
39
42
45
55
40
43
46
44
76
40
43
45
42
43
48
41
48
48
50
51
49
56
50
41
45
48
60
51
44
46
52
45
46
47
46
43
41
42
40
39
40
44
38
45
44
63
40
41
41
41
45
43
38
41
37
44
52
42
45
47
47
50
72
50
53
51
51
50
46
50
43
44
45
44
42
45
55
62
54
49
47
43
41
43
43
45
46
46
54
51
47
45
64
55
52
51
50
48
50
47
43
44
44
45
44
51
47
66
64
52
58
48
52
52
62
60
55
70
52
53
52
50
48
44
44
42
42
36
37
34
42
49
51
53
69
60
39
43
48
43
42
39
43
39
37
60
32
42
38
38
39
42
40
37
40
47
73
49
47
47
51
49
58
56
52
45
55
53
76
33
40
40
45
52
51
47
49
56
45
42
41
41
41
40
46
69
46
44
42
55
54
50
51
55
40
40
47
39
37
42
78
51
36
37
35
36
34
33
35
39
52
51
48
45
40
40
41
34
37
37
66
53
53
51
50
51
52
50
50
47
46
45
40
41
36
40
54
38
43
43
40
37
50
56
52
46
47
42
49
46
44
43
42
43
47
52
64
47
46
42
42
42
41
41
42
39
44
41
46
44
45
44
51
55
45
50
65
57
50
53
50
47
52
50
50
56
56
56
77
45
52
48
52
53
51
49
51
46
53
47
46
49
47
74
40
53
47
45
47
47
50
50
48
49
50
49
47
63
52
47
47
50
50
50
45
51
47
48
50
47
48
49
49
45
68
49
47
47
50
47
42
45
47
44
50
46
49
49
63
50
52
49
47
79
46
51
47
52
47
47
70
58
54
54
49
50
79
45
49
50
50
48
50
46
46
47
50
48
49
50
45
70
55
42
47
49
50
50
47
43
46
40
42
36
