75
57
60
34
56
52
65
48
56
49
45
42
40
64
38
42
56
48
51
57
47
51
52
43
49
34
43
58
42
46
45
45
43
43
47
45
44
47
45
45
43
37
36
43
42
38
41
46
40
41
44
45
42
54
52
41
62
36
42
43
43
49
41
45
43
45
43
43
46
39
46
49
41
45
43
46
44
45
43
43
65
36
43
45
43
42
41
42
42
47
46
50
41
47
37
48
42
40
50
44
40
43
48
45
48
47
49
59
39
41
40
38
34
35
41
37
40
42
44
45
45
48
46
44
45
50
40
45
47
50
38
38
43
55
46
43
42
45
43
46
46
46
43
47
45
45
46
45
40
43
43
41
45
45
46
44
61
44
44
62
55
45
46
44
51
50
44
50
42
43
44
40
41
41
61
49
46
50
47
45
35
32
32
39
42
41
38
38
36
43
36
53
33
51
58
43
41
41
42
47
39
46
42
45
48
42
43
46
48
55
50
50
44
44
58
39
43
42
46
43
47
46
41
45
44
41
42
36
39
39
44
45
48
51
43
41
43
42
42
46
55
45
48
50
47
47
40
45
49
47
44
43
39
40
41
45
43
40
37
39
62
39
54
50
43
41
41
46
37
38
43
41
42
42
42
39
41
42
43
40
50
48
49
48
50
43
47
53
50
40
47
45
47
49
45
48
46
41
44
46
47
48
48
57
36
41
48
61
34
37
53
42
40
40
44
43
41
42
43
37
39
42
39
40
43
40
42
39
42
40
36
45
44
44
60
53
42
52
51
52
49
50
54
41
47
39
46
46
48
40
41
41
40
40
44
43
42
52
51
42
36
51
64
47
40
40
38
45
42
43
47
49
47
48
40
43
41
42
41
50
56
36
40
38
42
40
46
43
44
43
44
47
45
53
37
43
41
44
41
46
41
56
48
45
47
43
44
47
44
53
53
53
48
54
70
61
51
58
55
59
48
50
49
49
52
72
48
50
44
44
42
41
43
44
41
42
42
42
38
40
45
42
42
45
50
38
41
40
49
57
38
47
47
58
43
42
51
52
52
55
58
51
74
42
49
53
50
43
56
52
51
61
43
43
42
61
42
48
48
49
53
54
39
41
40
43
40
40
48
49
58
57
40
48
53
45
56
47
52
51
52
51
72
40
50
50
52
48
50
50
51
46
50
54
46
66
55
57
52
53
52
55
48
52
51
72
48
50
52
50
52
47
48
44
42
45
41
43
43
54
42
41
45
40
46
38
38
40
38
38
41
39
42
45
51
55
56
51
55
67
49
46
56
52
53
50
79
46
53
53
54
56
47
52
57
51
61
57
50
59
52
54
62
53
57
57
70
48
50
50
55
49
55
48
57
73
43
49
52
50
52
55
52
50
60
55
53
53
50
50
50
47
48
44
53
65
44
44
43
43
45
44
42
44
43
39
49
51
47
42
70
43
47
41
43
43
46
45
48
57
50
50
62
38
47
44
44
48
40
45
48
49
48
45
46
51
64
42
45
45
43
39
40
38
42
49
42
46
45
51
50
49
45
46
52
55
42
41
44
41
42
44
44
45
48
49
47
47
41
43
39
40
41
40
40
37
43
61
38
39
41
36
37
37
49
43
54
43
41
43
44
47
48
42
49
40
50
42
44
46
66
37
44
40
39
39
43
42
42
42
43
41
37
42
40
41
46
46
46
47
45
42
60
42
48
45
45
48
49
42
51
47
46
47
43
42
45
43
41
63
45
45
50
47
42
43
45
43
50
40
48
43
45
43
39
43
42
42
40
40
37
40
45
64
46
46
43
47
48
46
47
39
39
41
37
40
43
43
37
41
40
41
45
46
41
44
40
43
48
45
35
40
36
44
47
39
51
47
47
52
40
38
40
42
35
39
49
34
38
37
39
40
40
40
41
37
40
42
40
53
46
45
47
47
49
44
52
55
48
50
46
51
46
46
53
50
47
49
44
47
43
44
45
44
44
47
50
52
53
54
54
80
62
45
51
50
57
51
46
44
45
48
53
45
56
58
43
42
44
45
50
41
42
45
72
40
50
45
46
50
44
60
46
40
42
53
47
47
46
50
44
43
52
47
49
50
45
61
68
54
57
48
54
49
50
49
46
38
40
45
62
47
39
43
37
42
46
40
36
45
49
48
41
49
50
51
59
52
57
51
50
49
53
54
50
47
71
44
50
43
44
40
44
47
45
51
50
48
53
47
44
60
41
43
60
55
45
47
49
46
51
48
46
45
45
46
42
44
54
50
51
63
65
52
43
42
47
43
55
51
45
59
55
42
46
53
53
49
51
48
56
50
47
46
56
56
53
69
55
47
64
50
54
56
50
48
45
49
66
48
46
50
50
51
50
50
47
43
44
49
46
46
68
31
43
48
44
53
58
53
50
57
57
57
54
46
56
55
52
52
39
57
54
58
52
55
55
64
50
47
43
43
52
49
52
48
45
70
41
50
58
54
61
55
46
43
54
45
41
53
65
48
54
55
45
58
63
50
51
50
48
46
47
47
51
51
55
65
46
53
53
48
42
53
51
48
53
52
54
48
44
42
43
56
54
56
70
49
50
50
51
47
48
60
50
49
71
47
43
53
54
54
54
56
52
55
69
47
53
53
52
54
51
47
57
43
51
54
51
51
68
37
46
51
47
54
50
49
57
45
49
58
51
55
46
62
48
52
56
53
47
49
51
50
71
43
53
48
50
50
50
51
51
56
56
56
45
48
46
48
46
46
52
44
50
54
48
48
49
40
33
36
42
37
40
40
47
49
46
46
45
42
44
51
49
73
35
43
42
37
35
40
37
38
38
38
39
37
38
39
38
38
38
40
41
42
44
40
44
52
43
40
42
44
42
46
40
42
47
42
43
45
44
60
41
43
42
50
40
40
41
65
37
40
41
59
51
57
48
57
52
45
41
42
60
41
38
38
60
55
45
44
42
44
44
42
44
59
50
51
71
39
48
51
48
42
36
41
45
43
35
43
55
64
58
53
46
41
43
41
43
44
45
37
38
37
34
35
40
35
38
39
37
35
34
42
45
40
41
65
34
34
42
41
38
31
37
38
36
38
46
41
46
43
43
46
38
43
49
41
39
49
33
34
39
38
63
44
36
38
40
41
40
42
41
45
46
39
45
39
40
41
40
39
36
43
47
53
52
69
46
48
40
46
40
35
48
28
38
38
44
47
42
43
34
35
41
38
45
71
41
48
50
52
50
37
36
36
41
35
40
37
36
40
36
40
57
31
38
40
37
42
42
42
45
37
38
39
40
41
42
44
37
53
48
45
42
39
52
66
43
37
36
36
36
36
38
44
42
46
53
52
50
57
62
50
53
48
54
46
50
52
48
51
49
66
44
42
49
50
47
53
48
51
48
49
47
50
65
42
51
49
49
48
52
48
50
47
47
48
68
43
46
54
49
48
48
54
48
48
53
53
61
51
55
55
53
51
46
42
51
66
43
44
41
54
56
50
47
45
42
46
59
46
46
42
49
46
47
41
38
40
42
48
41
41
41
46
43
39
43
43
64
34
47
51
43
46
47
52
56
41
44
46
55
43
51
47
46
75
42
47
46
56
44
47
42
35
41
42
46
46
45
52
55
58
71
48
56
52
50
52
48
49
50
46
55
42
46
40
44
44
44
50
49
53
51
50
52
70
44
55
45
48
47
46
44
43
50
46
46
49
62
43
44
45
42
59
50
52
55
49
49
49
65
47
50
47
47
42
46
45
40
45
41
43
46
45
39
39
42
53
50
51
49
45
44
42
42
42
47
76
46
47
57
46
45
37
39
48
53
50
43
40
39
49
47
49
54
61
51
43
45
48
50
53
50
46
46
48
70
35
54
55
53
49
56
52
54
46
57
46
48
43
43
45
43
44
45
40
58
38
46
42
57
50
43
44
44
40
47
48
45
51
44
48
45
49
47
63
44
42
47
37
49
57
51
57
55
55
56
70
47
57
48
42
52
51
51
49
45
44
40
71
60
38
50
42
45
53
62
51
43
44
47
45
50
46
48
66
44
59
44
50
46
48
40
57
43
51
54
66
47
55
46
51
57
44
48
47
45
52
50
59
48
55
51
50
46
45
