58
68
57
50
55
58
41
49
45
48
47
45
55
46
67
38
35
33
39
33
32
34
31
32
41
43
42
45
47
49
47
50
49
44
47
44
47
40
42
46
62
44
46
43
45
47
49
44
47
46
47
49
46
46
45
46
44
55
42
44
46
61
37
48
42
44
43
40
41
44
44
47
43
46
45
31
35
37
51
52
48
47
67
40
50
43
48
45
45
52
51
47
42
45
45
43
52
49
50
52
47
47
47
47
48
45
57
41
44
40
46
44
44
45
52
44
40
40
47
42
46
46
49
51
47
49
45
43
43
44
46
67
35
46
42
41
42
42
41
47
44
42
42
45
41
49
47
43
47
42
47
47
62
42
46
60
44
43
40
40
45
48
38
43
47
47
44
39
48
49
48
59
40
48
54
50
50
50
46
46
46
47
44
46
50
45
43
50
68
38
43
47
49
50
51
50
47
51
50
49
57
56
52
50
48
68
43
55
49
52
55
65
44
50
52
54
59
52
57
51
67
42
43
52
54
49
50
50
54
50
52
47
50
50
50
73
42
55
53
46
49
42
56
61
52
52
47
66
48
48
51
47
40
70
41
51
53
42
54
64
39
60
56
54
55
42
52
50
59
42
50
55
48
54
67
37
53
54
43
53
44
49
47
52
53
48
43
64
38
43
54
50
47
51
52
52
47
47
47
51
63
60
43
47
45
47
50
58
43
47
48
59
41
48
44
70
41
47
44
44
46
49
43
42
44
47
45
50
45
43
47
43
47
43
45
53
55
44
45
51
54
47
52
50
46
53
49
48
52
50
56
52
53
36
44
36
40
44
45
46
48
51
47
47
54
48
50
48
47
46
51
53
58
52
45
52
57
39
46
42
52
47
64
41
45
46
52
66
42
45
49
50
47
44
48
45
48
57
48
57
47
52
48
68
45
45
39
52
52
43
49
40
46
44
44
44
46
44
47
45
46
51
44
67
45
45
45
50
51
52
46
48
52
38
38
39
39
37
44
40
35
41
44
50
46
64
43
54
58
43
39
46
30
40
43
42
42
43
45
50
55
50
54
51
62
52
50
51
52
49
54
50
48
42
48
48
45
46
44
66
42
45
43
45
46
45
46
49
47
48
55
53
54
54
41
50
47
47
66
61
50
45
45
47
48
51
54
52
54
54
55
49
52
73
70
44
48
44
47
46
53
45
49
44
49
47
43
50
50
45
46
54
47
67
46
50
46
47
47
48
44
51
45
46
49
43
41
42
49
44
48
50
46
42
48
46
44
46
43
46
47
49
56
59
42
46
50
44
44
47
44
43
46
44
43
41
40
46
43
42
42
47
53
51
48
44
72
66
42
48
52
49
51
60
48
46
46
51
49
44
44
52
61
50
47
52
55
50
58
53
54
55
65
56
49
50
51
51
53
52
51
48
51
50
52
50
53
57
48
63
39
46
48
47
50
51
52
49
52
49
48
50
58
61
53
51
50
49
51
50
52
46
50
61
39
45
46
48
52
51
46
47
52
61
46
53
50
50
43
52
49
48
38
53
50
48
44
44
48
50
52
54
53
51
54
51
54
52
54
48
50
53
52
58
58
56
61
59
57
55
49
59
53
62
54
53
60
63
48
53
53
53
57
56
53
60
57
54
59
52
55
55
54
49
50
62
43
49
52
54
54
51
50
46
56
45
60
58
49
49
52
48
52
50
52
54
45
48
55
49
49
41
58
48
51
51
45
43
47
49
41
47
43
65
50
53
51
44
52
48
52
46
45
43
47
45
47
43
52
55
40
52
47
47
59
37
50
48
45
47
41
47
55
53
43
43
44
50
50
50
39
58
49
46
43
47
52
50
55
51
47
51
52
56
56
55
59
59
54
56
55
58
57
51
53
47
47
43
54
51
49
51
61
44
56
51
61
55
50
57
54
52
57
45
52
52
46
51
43
59
54
59
43
53
50
56
53
52
50
56
48
54
50
52
52
55
58
52
56
61
53
53
52
51
55
63
54
55
57
55
52
59
50
60
63
45
56
53
60
60
54
56
72
49
62
46
52
62
47
41
46
53
47
51
41
41
52
52
51
48
52
51
51
49
62
46
49
55
48
54
51
50
61
53
57
66
54
60
53
41
42
53
55
57
46
48
54
45
57
56
47
44
44
50
50
48
40
40
60
47
50
50
54
47
48
55
48
51
56
51
53
48
47
46
52
55
46
49
54
48
54
55
62
52
58
54
52
60
56
53
51
52
50
48
52
59
51
53
63
48
52
53
47
50
55
51
60
47
47
49
51
60
44
52
47
57
59
52
50
55
45
52
50
60
49
50
58
56
55
44
53
48
46
43
44
53
51
46
68
46
54
50
48
48
56
51
50
55
52
47
44
44
55
50
53
41
42
55
51
48
53
45
43
46
45
46
35
38
54
60
48
45
50
47
49
50
49
50
54
52
50
58
59
42
61
52
54
46
56
54
44
50
53
47
56
43
50
50
49
42
48
50
51
49
58
53
47
49
45
47
45
44
48
50
44
48
49
44
30
31
31
32
29
51
56
51
61
59
60
57
40
48
48
50
47
51
50
54
65
40
44
46
45
50
44
42
43
42
45
41
53
36
47
39
44
55
38
47
41
60
46
44
43
42
43
47
60
33
50
49
38
50
47
42
45
39
41
40
45
43
43
45
43
45
45
52
44
52
53
60
39
47
40
42
47
53
38
47
53
59
37
42
45
51
50
48
47
52
42
49
45
44
48
46
51
50
54
64
45
51
52
49
48
46
44
42
39
42
43
46
51
56
49
51
45
51
55
46
50
48
45
45
43
51
58
61
56
56
54
59
52
69
50
51
65
41
45
47
49
49
53
52
50
49
50
52
46
48
60
44
50
45
50
50
47
47
50
54
57
46
50
71
40
48
50
47
52
50
50
53
48
50
52
51
56
48
52
51
51
61
51
48
53
42
52
51
48
82
43
47
46
43
55
57
48
47
49
50
52
50
44
45
65
51
46
46
58
63
48
55
48
48
46
44
64
47
42
51
52
49
45
48
47
40
59
42
44
41
49
44
53
38
59
39
51
39
44
50
47
43
42
43
43
47
50
56
45
43
44
42
53
40
50
40
51
44
45
46
44
44
48
42
43
45
44
42
38
45
39
38
39
47
57
45
50
49
47
44
42
49
60
46
38
51
48
50
42
55
43
62
47
63
48
53
53
53
54
52
46
46
46
49
46
51
57
54
49
45
50
38
45
52
46
45
47
44
50
48
50
48
64
33
41
51
42
48
48
50
50
42
43
42
44
43
43
44
47
55
50
49
66
50
49
49
47
49
53
49
39
40
47
50
39
42
63
40
49
43
54
59
59
58
52
42
47
54
47
61
59
46
43
44
48
39
45
38
41
39
66
41
41
41
45
55
51
52
50
51
44
69
46
44
40
51
48
46
48
38
54
42
35
37
52
43
41
47
48
74
50
54
46
45
41
43
43
48
44
50
50
48
46
54
51
76
46
48
46
44
43
48
53
51
48
53
45
47
47
75
64
38
40
44
47
45
46
42
43
45
49
48
43
45
40
48
42
42
45
41
45
51
42
71
37
44
50
36
43
44
41
42
44
46
53
48
45
46
42
43
45
49
39
47
46
47
65
38
45
47
58
47
46
47
47
46
42
48
52
46
46
46
45
49
44
44
49
53
48
49
40
46
46
42
42
45
40
42
42
48
52
51
47
42
51
60
41
44
47
46
49
54
45
52
53
52
51
56
52
76
50
53
58
55
55
55
47
55
51
60
51
55
56
53
56
60
59
52
58
58
54
60
55
53
65
46
57
53
56
60
54
54
55
59
64
54
52
55
55
50
49
53
49
63
41
50
46
60
46
50
56
53
50
47
65
40
54
53
54
54
58
50
54
49
47
55
37
43
42
45
41
45
36
40
42
36
39
38
38
43
45
45
40
40
40
42
42
47
41
58
48
57
46
50
50
47
62
45
49
55
46
63
48
53
55
52
54
51
59
53
55
63
59
55
57
56
54
56
59
57
52
46
49
52
52
54
48
40
45
45
40
44
44
64
34
53
58
54
52
56
48
51
54
49
52
51
55
57
58
47
55
48
