46
51
55
57
45
45
50
45
54
43
50
72
48
29
35
31
34
31
35
33
33
31
42
40
46
45
44
47
48
48
47
45
46
53
50
43
42
47
42
45
51
38
47
44
47
43
56
47
52
43
46
42
43
57
51
42
47
42
45
45
42
46
53
37
42
44
45
43
43
49
46
36
33
31
60
52
50
47
48
49
44
47
45
45
48
45
46
46
68
37
41
41
46
43
47
52
55
46
51
43
45
43
79
33
46
46
45
44
41
44
38
45
39
48
44
40
51
44
49
47
63
46
43
44
42
42
47
46
42
42
45
44
44
44
43
40
47
42
42
44
56
41
44
45
46
47
47
53
43
47
45
52
44
46
47
39
39
50
45
45
49
56
43
43
46
47
54
46
50
44
48
50
46
50
43
59
39
44
43
49
45
42
45
47
47
42
46
47
50
60
55
44
52
47
48
48
60
47
50
62
66
45
49
55
48
54
52
45
54
60
54
52
56
54
53
53
43
44
51
55
58
43
55
45
50
52
46
50
44
52
50
50
50
62
42
44
44
58
55
53
53
55
45
51
57
51
48
41
63
47
50
52
40
55
59
43
67
51
53
53
41
51
50
50
44
50
52
47
53
53
50
45
51
54
43
50
43
60
47
54
60
36
38
44
41
53
53
45
51
52
68
40
42
52
47
50
60
43
48
40
46
55
45
49
63
44
55
45
44
45
48
46
51
42
44
44
47
47
41
44
52
40
46
47
61
50
43
45
44
45
52
42
41
44
47
54
50
49
49
50
57
47
51
56
47
58
43
48
48
37
41
39
42
46
46
43
45
50
47
50
56
54
46
46
45
48
47
44
52
53
46
51
52
42
50
48
56
50
52
43
42
50
48
52
45
44
48
55
45
46
47
50
50
62
52
53
50
52
53
44
46
50
48
46
48
50
41
49
62
41
43
44
52
40
46
47
43
50
47
52
50
45
48
54
48
48
62
40
34
40
39
38
40
37
36
38
44
47
46
48
48
60
56
45
41
40
37
62
33
39
43
50
51
50
51
52
51
51
51
57
49
55
56
49
50
45
45
48
42
47
45
50
45
42
43
42
44
46
41
47
48
58
60
49
53
44
44
46
53
43
43
52
46
42
52
44
49
71
64
55
50
54
54
49
50
55
51
44
50
49
76
40
51
48
47
50
47
46
50
49
48
42
38
47
49
40
45
43
44
42
44
73
36
43
50
38
43
49
42
44
52
44
45
44
48
43
41
45
44
47
47
51
46
47
44
59
38
44
42
46
44
47
48
38
42
47
44
43
44
50
50
49
48
48
39
47
45
46
61
38
52
45
42
53
46
43
42
49
59
56
54
50
61
44
59
42
57
50
51
51
56
47
49
55
53
49
52
47
49
52
48
47
46
45
46
49
45
49
51
53
59
62
48
50
49
50
53
48
52
54
45
55
47
49
53
42
51
56
39
41
44
56
50
50
49
44
47
54
48
52
43
49
46
47
62
36
52
53
48
46
52
51
44
51
51
51
52
58
53
54
57
46
54
48
46
53
61
60
54
55
53
57
51
49
65
59
66
46
61
65
57
52
53
59
54
60
51
53
57
56
60
53
66
52
47
50
56
42
50
57
51
51
46
57
50
60
50
50
55
52
49
53
51
57
45
52
54
53
58
48
51
47
52
59
39
52
46
44
43
43
47
47
52
53
52
50
53
48
50
42
51
51
48
49
41
45
47
46
57
47
40
40
52
47
50
50
39
51
52
45
44
52
52
42
47
45
42
47
50
47
60
42
50
45
42
42
52
51
65
38
52
52
53
64
48
57
55
59
52
56
55
57
57
49
53
47
54
52
48
51
50
45
50
49
54
52
54
64
46
54
54
49
51
50
50
52
49
51
70
38
47
62
41
52
54
50
57
51
55
61
46
50
54
54
53
49
60
55
55
65
48
56
49
53
51
56
62
53
59
54
50
56
55
57
55
65
49
60
51
51
55
54
59
54
55
64
57
67
47
47
46
48
44
47
47
47
42
45
52
51
60
48
53
51
60
48
49
51
53
47
53
54
53
53
55
58
58
56
59
57
52
41
44
47
56
66
46
40
49
50
63
51
50
47
45
46
50
38
39
42
55
50
53
48
54
47
51
54
48
53
51
55
45
54
50
54
53
45
45
49
60
54
52
58
56
58
51
58
60
50
50
52
48
51
52
55
51
52
70
45
54
50
53
49
60
48
45
49
52
49
66
38
51
50
55
58
52
53
48
49
50
57
52
52
50
57
49
48
54
44
40
51
39
52
48
64
43
52
52
46
47
50
56
45
51
50
51
37
61
42
45
45
55
46
47
48
58
43
42
46
54
40
31
51
51
58
57
42
46
50
54
48
58
53
52
54
55
54
55
53
62
51
60
51
56
52
52
49
54
66
42
52
50
50
50
46
49
50
45
52
50
51
50
47
54
47
47
49
43
50
46
47
47
38
31
34
30
30
31
64
53
55
60
67
47
44
44
48
47
48
42
53
56
62
37
47
44
45
46
45
44
36
46
40
42
48
41
37
44
62
45
41
44
48
52
50
50
38
42
42
45
47
39
45
50
43
52
52
45
42
47
45
41
43
48
43
44
42
46
45
40
48
52
65
46
44
41
42
44
42
53
40
50
50
51
39
47
44
67
43
47
52
45
45
45
41
43
47
47
50
49
50
48
52
59
53
48
46
52
46
40
38
40
48
39
49
48
52
54
46
48
51
51
47
55
46
48
44
40
52
59
57
68
52
53
60
59
51
55
55
43
60
44
45
53
56
47
52
50
50
49
49
52
52
49
67
41
51
46
41
48
46
52
58
47
50
49
48
66
41
50
48
53
49
54
49
51
54
51
52
56
42
54
53
63
48
45
47
45
47
48
46
48
62
41
45
52
60
51
43
50
49
47
47
43
50
47
69
40
58
55
53
53
49
47
43
47
52
63
42
49
50
54
41
43
44
36
49
50
39
45
48
44
48
38
43
55
41
45
45
49
39
50
40
41
43
54
54
49
45
45
41
44
46
46
41
53
41
42
47
45
43
48
43
42
43
46
38
49
39
40
37
47
50
46
58
46
48
47
49
48
52
55
40
48
52
46
48
45
43
45
52
44
54
53
54
56
54
52
52
45
47
44
46
49
62
44
59
43
46
41
44
47
45
44
45
46
52
49
46
46
48
49
40
42
49
45
46
48
49
53
39
43
42
45
46
37
50
50
48
52
58
51
42
50
50
43
62
48
50
40
39
48
43
38
52
61
38
53
43
58
52
57
56
52
42
47
46
64
48
60
52
44
42
41
44
37
40
42
40
43
66
39
44
60
45
59
49
53
44
47
44
65
42
38
42
52
44
45
46
34
52
45
34
30
45
43
43
50
48
66
51
50
50
50
45
41
46
45
48
47
52
41
49
48
49
69
56
44
46
60
42
47
47
50
50
52
56
48
42
47
73
51
46
44
40
44
49
42
43
42
44
46
53
47
42
45
42
45
45
42
45
44
46
42
68
36
44
41
47
42
47
39
40
41
42
43
45
42
41
50
44
51
41
42
45
42
46
51
48
42
42
47
47
46
49
44
47
42
42
48
47
46
46
45
46
42
45
59
47
47
45
45
45
48
43
45
43
41
44
55
40
50
53
48
64
38
45
46
45
57
50
46
45
48
55
52
51
52
54
53
56
51
55
53
57
53
52
50
58
47
52
67
48
52
55
54
55
54
57
54
55
56
55
65
60
50
56
50
58
56
57
52
55
52
56
60
52
62
52
54
49
54
46
45
45
62
46
47
48
53
49
53
51
52
52
45
50
56
56
62
48
49
57
55
49
50
47
44
40
36
42
48
38
41
43
37
40
36
36
36
38
51
37
43
41
41
53
40
44
44
38
59
45
51
48
48
49
47
51
53
47
48
53
49
41
55
51
51
57
65
46
53
54
54
54
56
54
58
51
62
62
49
50
47
49
50
50
50
42
44
54
38
42
42
55
40
45
50
56
50
57
53
48
51
56
53
53
47
50
48
55
40
47
46
42
52
42
50
51
62
40
44
51
47
49
48
49
47
44
41
56
48
37
43
47
56
45
54
48
