66
56
66
53
50
51
46
48
43
49
44
49
45
54
72
35
32
33
34
32
33
31
37
30
42
41
47
44
47
48
47
49
47
42
52
47
40
42
47
57
39
47
42
44
47
44
46
46
44
45
45
47
51
45
41
44
42
42
45
50
46
42
47
46
40
47
42
41
45
46
45
54
40
32
31
37
51
48
49
48
71
36
50
47
45
44
50
45
45
44
43
44
47
43
47
66
50
48
51
49
49
44
54
43
45
46
43
47
43
43
43
45
66
36
41
43
41
47
47
44
52
50
49
48
46
44
42
44
47
63
43
39
42
42
43
44
36
41
45
42
44
45
41
48
44
43
47
44
47
46
60
45
49
48
50
42
42
43
42
43
47
46
47
47
49
49
42
47
50
62
39
49
48
52
50
50
47
44
45
46
42
50
46
44
47
62
41
42
49
47
50
47
52
52
51
49
48
49
63
46
70
45
52
50
56
52
47
54
50
51
52
60
51
56
51
54
51
51
44
43
51
60
62
41
48
52
50
48
53
46
48
46
53
46
50
68
39
46
46
53
55
49
55
45
52
56
51
51
44
58
46
45
56
49
43
59
58
48
61
52
52
52
44
50
50
48
45
51
55
51
50
53
52
42
50
55
40
53
35
57
58
45
53
53
43
45
43
42
58
54
41
55
52
56
49
44
52
50
68
42
47
43
46
47
48
52
46
64
43
52
47
47
44
44
54
44
47
43
46
45
47
47
44
44
44
43
47
67
38
43
48
40
47
45
45
47
43
43
43
54
53
47
52
47
54
63
41
47
57
46
42
51
45
45
38
42
42
42
48
45
47
47
49
56
62
46
52
47
49
45
45
44
46
48
55
44
53
46
49
35
57
57
46
57
48
42
45
53
47
73
43
46
52
53
49
43
52
47
66
48
50
62
52
58
52
51
45
48
50
48
46
51
42
45
47
48
47
45
49
43
42
52
48
72
36
48
45
47
47
49
48
49
55
48
38
38
37
40
37
41
42
35
41
43
66
40
48
49
57
44
47
37
39
40
41
45
43
45
51
55
50
52
62
47
52
50
52
72
29
50
48
50
47
56
53
50
46
48
47
45
44
45
45
44
42
49
47
47
53
52
53
43
50
46
50
52
46
55
65
53
44
51
50
54
56
53
50
50
54
50
53
52
64
53
48
47
47
49
46
49
44
46
43
47
47
49
50
52
44
43
40
43
67
46
48
44
44
46
47
43
54
41
44
42
45
58
41
45
47
47
48
50
39
46
47
44
43
50
44
54
48
45
45
43
44
45
46
50
39
42
42
45
45
43
46
51
53
45
47
42
43
48
50
47
44
50
57
37
46
47
43
47
42
49
62
45
59
59
45
52
51
49
52
48
54
50
52
50
57
50
55
51
51
54
47
47
51
50
43
48
38
47
45
52
49
54
51
50
48
47
51
49
48
53
62
41
51
52
47
47
47
47
62
44
43
44
46
58
46
50
45
44
46
49
48
46
47
43
51
45
55
38
52
48
50
46
50
58
48
55
45
56
50
50
53
52
55
72
37
50
50
61
48
61
54
56
53
54
62
46
72
49
52
55
61
67
48
53
54
53
58
57
59
60
51
60
53
53
54
53
48
60
48
47
50
52
52
53
45
50
46
51
47
60
51
50
46
48
48
54
52
47
54
54
49
68
44
56
46
52
44
50
49
42
44
46
47
49
42
70
42
52
47
47
43
52
50
53
45
44
41
47
47
45
54
50
43
42
49
48
51
43
47
47
50
45
47
40
42
56
48
42
42
47
49
46
55
45
47
52
46
41
48
48
51
57
47
45
56
50
52
63
52
58
57
60
55
57
53
63
52
48
49
51
55
49
50
53
49
46
52
52
55
58
56
46
60
56
47
50
52
65
44
47
56
47
52
54
48
50
53
48
61
48
55
47
51
54
53
42
54
57
61
54
50
62
53
50
44
55
55
58
50
57
55
58
53
55
52
57
56
49
60
58
56
52
60
55
60
50
59
56
56
48
47
46
46
42
49
47
47
49
55
58
44
50
49
50
51
48
55
46
50
54
62
45
54
53
59
60
52
55
57
75
35
40
54
48
53
50
42
49
46
54
54
50
48
54
60
48
39
37
47
53
48
55
51
48
50
52
48
58
50
67
43
57
43
51
51
47
50
46
53
57
53
56
58
54
52
56
64
50
47
50
50
51
46
58
50
59
47
70
44
51
50
55
59
51
49
44
52
47
44
55
64
44
54
53
51
52
49
49
50
56
47
67
48
50
51
48
50
44
42
44
47
49
48
54
68
41
57
38
50
56
49
48
52
44
39
45
47
51
55
50
43
50
48
52
49
45
45
52
39
31
51
47
49
48
46
47
56
45
51
52
54
52
50
57
52
53
56
56
57
60
58
51
55
45
56
50
53
51
51
52
58
46
56
52
48
49
47
55
45
47
51
43
48
45
48
50
46
48
64
40
42
31
33
29
32
32
57
54
53
46
56
57
46
46
57
45
50
45
50
55
52
43
52
40
45
54
45
40
40
46
39
43
49
41
40
43
50
48
44
49
48
46
48
60
41
42
39
49
50
43
44
44
43
41
50
47
40
47
39
65
37
40
44
47
45
49
43
42
47
46
52
58
42
51
39
47
43
45
47
45
47
46
41
43
45
48
57
47
48
47
64
35
52
42
47
45
46
47
52
49
52
48
48
54
65
36
51
44
44
40
40
37
46
50
49
51
51
47
47
66
40
48
50
50
51
42
44
57
56
59
58
66
55
54
61
59
53
50
46
50
52
42
52
53
72
53
45
53
47
49
48
47
53
44
49
49
49
47
50
46
67
50
55
45
49
47
51
55
42
51
56
66
42
53
51
52
54
44
50
48
54
51
66
46
48
50
45
47
46
50
48
52
46
43
47
49
62
45
45
52
52
45
47
45
49
52
52
43
55
66
55
50
50
51
50
45
47
54
40
53
69
43
48
41
43
42
56
48
40
48
55
45
42
38
42
45
44
45
45
45
54
47
45
40
42
57
59
48
38
38
42
40
44
46
42
55
58
35
48
44
45
47
54
36
43
44
44
40
41
39
43
56
41
48
56
46
61
44
58
46
53
44
43
50
50
44
47
45
42
43
52
52
64
48
56
50
52
49
48
45
47
46
47
50
50
62
50
43
39
52
39
48
46
49
49
47
45
47
49
46
43
47
60
36
47
46
57
47
42
39
43
47
42
39
47
45
54
51
47
55
48
63
45
49
51
50
43
40
45
45
44
40
40
46
48
51
50
52
57
54
55
50
45
46
49
55
61
54
47
50
40
41
40
43
40
55
33
71
39
46
39
45
57
53
50
48
46
47
61
41
39
50
46
46
46
39
44
50
45
36
34
46
45
45
46
50
59
63
50
50
48
41
45
45
48
48
48
48
52
47
48
52
49
51
81
49
54
43
49
47
52
50
51
50
42
57
42
47
47
40
80
36
45
47
41
44
45
46
54
44
44
42
47
41
41
42
41
48
44
41
44
42
68
38
44
42
43
42
41
48
41
45
45
52
42
50
40
40
46
42
43
42
42
46
50
63
41
47
49
41
42
44
49
41
49
48
46
45
44
47
47
47
48
46
66
34
51
47
40
45
45
39
44
41
45
53
51
50
48
46
54
43
66
45
46
47
48
45
53
56
57
45
52
50
56
54
53
53
60
53
53
60
51
50
53
60
52
61
54
52
59
45
54
66
50
58
64
53
52
53
58
60
48
57
51
60
58
50
57
63
68
52
54
51
52
65
40
43
48
49
50
50
46
50
50
57
61
52
44
39
61
47
54
57
49
54
50
59
44
45
43
37
33
44
42
40
38
40
40
44
35
40
35
38
41
48
38
41
56
40
57
42
50
40
56
50
49
56
45
48
50
48
48
51
50
61
45
47
63
49
56
51
54
56
62
49
51
54
57
58
54
55
59
72
48
48
47
52
52
47
47
40
43
48
43
41
49
61
40
47
58
53
55
54
54
50
52
47
50
50
69
40
48
45
45
48
50
44
44
53
44
52
46
44
52
52
60
42
49
47
45
40
52
45
42
41
57
39
52
52
52
49
56
44
54
47
