64
60
58
52
53
52
53
45
46
52
45
49
48
72
49
32
36
34
33
31
35
32
37
35
42
42
44
41
47
49
41
46
43
49
60
38
39
44
48
44
46
46
47
40
47
48
47
55
44
45
46
46
46
47
69
42
44
45
47
44
42
46
45
44
38
45
43
43
46
47
47
47
37
30
36
45
44
55
50
48
51
46
45
48
46
50
44
49
46
51
50
44
47
41
44
44
46
51
47
52
48
44
45
44
77
36
46
47
45
41
46
42
44
42
40
44
46
40
54
41
49
50
60
55
39
44
46
44
41
44
41
44
43
40
44
40
42
44
40
44
42
58
40
44
45
43
45
46
46
49
49
44
53
53
41
43
43
42
47
43
46
65
41
45
45
47
51
50
43
51
49
43
54
49
47
44
63
38
42
43
48
47
43
47
53
46
43
44
51
49
47
50
53
51
50
53
48
53
54
53
47
54
57
54
53
50
53
54
48
51
55
50
50
67
51
55
57
50
51
47
44
50
54
49
66
41
52
50
56
43
50
52
45
52
53
52
50
63
34
56
49
50
57
48
48
55
48
55
69
37
58
48
49
49
48
46
57
54
50
59
52
56
39
45
45
44
49
41
48
50
56
42
46
42
49
55
44
50
42
55
41
53
61
43
38
51
38
54
47
52
47
52
50
52
47
43
62
50
67
39
45
46
43
47
50
48
52
49
47
49
74
38
44
45
50
45
50
42
42
50
46
44
41
42
44
47
50
45
45
43
64
41
49
48
46
44
43
46
50
50
49
52
47
47
53
45
54
62
61
39
43
52
42
45
41
38
40
44
44
47
45
49
48
54
47
65
48
44
47
45
42
52
46
49
50
49
47
50
48
45
46
45
72
45
52
41
42
52
51
47
47
46
46
52
50
47
49
52
48
67
56
49
52
53
50
65
52
47
48
50
45
46
45
45
44
44
72
40
45
45
46
43
50
47
46
46
50
44
47
50
47
50
48
53
51
37
39
38
37
38
42
37
37
49
42
49
47
54
56
56
49
42
38
43
36
45
47
42
44
46
47
56
54
48
51
52
50
53
53
60
52
52
48
49
44
46
49
47
44
43
50
45
42
43
44
45
44
43
50
47
71
55
50
51
40
43
50
48
45
46
51
49
49
45
47
54
66
58
54
50
54
50
51
54
55
59
39
45
55
55
58
42
44
52
42
47
50
46
46
50
45
47
42
46
44
44
48
43
44
43
68
39
46
42
42
45
43
44
58
44
44
46
46
46
47
43
45
44
46
44
48
50
51
47
60
37
48
46
42
41
46
45
43
41
46
43
43
43
46
54
50
47
52
44
42
45
45
45
61
40
48
50
47
46
50
42
47
46
49
57
53
49
54
56
50
56
51
50
49
51
52
52
50
49
56
49
58
64
46
47
53
51
50
43
55
44
51
44
50
47
46
49
61
51
53
51
49
47
54
47
50
50
48
46
53
66
40
47
48
54
51
46
45
36
48
48
52
50
46
42
63
44
47
50
43
43
46
45
47
46
41
55
52
48
46
54
44
49
63
45
52
52
52
57
50
54
57
51
47
50
47
57
59
58
57
54
58
55
52
52
57
66
69
47
60
58
54
53
54
63
52
55
64
50
55
55
56
52
72
45
55
52
45
49
50
47
52
59
52
54
54
51
47
52
54
49
55
56
48
48
51
54
50
71
41
55
48
50
57
56
56
44
50
49
51
49
47
52
44
49
46
43
47
48
56
48
54
47
48
36
51
52
57
49
39
47
48
48
46
51
48
40
46
49
50
50
48
53
45
47
44
46
43
45
49
55
42
40
43
50
48
62
59
44
48
51
47
43
47
49
50
51
49
52
48
68
48
57
53
60
58
56
54
55
59
60
53
50
46
47
56
46
54
55
43
47
53
48
55
55
73
44
52
57
53
55
54
46
47
53
59
51
47
48
52
53
49
52
52
55
59
48
54
53
58
50
49
54
51
52
57
63
56
59
57
53
50
55
54
60
60
52
55
56
50
56
52
53
61
65
46
55
54
53
56
57
53
56
57
65
59
55
52
48
55
48
45
47
46
47
46
44
47
60
56
43
51
52
51
52
48
56
49
47
57
71
44
52
54
55
55
58
56
59
55
69
36
39
54
56
52
52
43
47
48
56
61
50
51
53
48
54
41
42
37
46
49
46
56
52
57
48
50
50
50
52
54
51
52
49
44
58
55
53
49
45
49
54
55
52
54
62
59
53
50
56
60
47
88
46
60
45
53
55
52
54
53
55
50
54
52
65
56
44
50
50
50
49
46
50
47
52
51
51
57
58
58
50
45
50
48
55
53
50
52
50
52
50
48
51
44
44
67
41
52
44
53
47
50
42
54
55
48
62
51
45
40
44
51
53
52
40
44
49
56
47
49
41
59
45
31
32
55
48
48
48
48
47
47
49
58
47
54
51
73
47
50
55
55
56
53
53
51
59
48
61
53
53
57
51
54
52
48
52
55
48
52
56
49
47
50
47
47
44
44
48
47
52
44
47
50
45
27
30
31
31
48
54
59
56
54
56
51
44
47
47
63
45
43
55
53
54
43
44
47
47
45
45
47
57
37
39
46
46
40
44
46
52
42
45
46
46
48
52
48
61
34
44
44
47
52
47
47
37
49
49
44
47
42
41
44
63
38
49
42
44
46
41
45
45
53
56
51
43
43
41
48
43
45
50
47
47
45
43
44
50
52
51
44
46
50
46
56
38
45
40
46
47
51
50
51
51
50
52
46
51
70
36
41
46
44
34
47
47
47
60
45
50
45
54
50
61
43
49
45
43
45
51
57
61
54
57
57
63
55
51
58
54
52
44
46
46
47
52
60
55
50
38
48
52
47
48
51
45
48
51
48
48
52
50
60
52
56
47
51
47
48
53
45
49
58
56
48
51
56
46
54
47
53
50
49
66
52
56
55
61
46
46
47
47
48
51
50
45
45
51
51
55
47
57
48
54
44
50
44
53
50
61
42
58
57
53
68
52
47
44
49
48
52
46
49
52
50
45
43
68
38
45
50
43
44
50
42
45
39
43
44
43
43
45
43
47
52
41
44
40
68
46
50
42
45
45
43
40
47
44
46
47
46
45
46
45
43
44
65
38
47
42
41
42
38
38
48
46
48
41
49
50
47
50
57
41
66
43
41
48
50
46
43
48
42
43
47
49
53
52
64
53
66
51
51
47
45
45
49
46
51
48
54
46
45
41
50
47
47
46
45
47
46
48
47
47
48
46
42
45
46
45
44
57
53
51
39
44
42
54
34
40
48
47
54
47
54
51
39
55
46
66
48
54
41
40
47
49
42
42
41
48
47
47
56
57
56
64
55
40
48
47
47
59
60
50
64
37
43
37
41
46
39
38
47
44
43
36
46
51
52
49
61
41
46
48
44
44
49
46
46
52
42
40
63
43
35
35
44
46
64
51
47
49
48
54
50
50
40
45
49
49
47
49
50
46
52
46
75
47
63
45
51
48
42
42
50
52
54
49
52
48
59
54
48
47
44
41
42
48
47
42
41
40
47
47
50
41
43
43
39
45
44
41
61
44
47
43
46
42
42
45
49
39
40
45
42
42
49
43
53
40
44
43
43
51
38
50
43
41
46
46
44
47
45
49
46
46
49
44
47
46
45
49
49
43
64
37
41
47
48
48
48
46
43
49
48
48
43
49
42
40
52
48
48
58
64
40
46
59
45
47
45
49
42
48
50
50
57
51
52
54
60
55
51
56
58
58
52
49
56
50
52
61
51
63
57
52
53
57
54
57
57
56
60
55
58
54
53
58
53
60
53
56
53
60
50
65
64
52
57
51
52
55
50
47
47
74
43
57
49
47
53
50
51
55
54
46
57
50
54
51
55
53
51
54
54
50
47
66
30
41
42
43
41
40
38
45
37
37
36
35
41
41
41
61
37
40
42
41
45
48
36
56
47
44
51
47
54
45
50
48
52
51
48
73
39
54
56
55
51
58
54
52
57
63
54
57
54
60
55
57
58
73
45
50
46
50
58
48
50
41
42
42
50
42
46
40
62
37
54
54
51
60
54
47
52
52
48
53
50
63
41
50
