66
61
44
48
49
45
68
52
56
55
50
52
42
43
33
31
32
46
58
70
48
49
57
57
52
60
51
41
34
49
33
31
37
31
36
47
58
54
51
51
63
61
54
50
43
39
34
33
30
60
24
31
43
38
48
51
49
68
53
50
54
57
40
45
45
53
60
37
42
44
48
44
44
49
46
52
49
51
52
49
56
63
44
46
36
45
37
43
39
39
36
38
41
37
38
38
37
39
32
39
35
38
37
43
37
39
38
36
60
54
42
44
47
51
54
40
50
47
51
47
48
43
45
46
39
41
46
40
41
42
53
46
43
51
39
43
42
45
41
40
41
40
43
49
40
48
43
49
46
54
55
52
50
52
55
51
53
59
65
53
66
54
59
51
58
54
53
57
72
56
53
50
59
53
63
53
55
58
69
50
56
65
56
53
54
52
52
57
62
62
61
52
51
60
54
50
60
60
54
61
51
55
55
57
55
56
58
51
55
71
55
63
54
56
55
55
50
53
54
62
56
52
45
56
59
58
57
55
58
68
52
53
54
57
53
57
56
54
52
72
41
56
47
52
57
52
53
53
53
61
50
62
72
57
56
58
59
55
45
47
49
65
42
62
63
50
46
50
59
44
41
49
47
45
46
52
50
50
47
47
36
43
54
62
40
52
61
46
51
53
57
50
55
56
56
54
51
56
53
58
57
52
58
49
50
49
43
64
58
53
72
59
50
54
58
53
53
48
55
64
50
50
50
49
47
44
45
42
53
52
58
41
55
56
48
48
43
49
44
41
46
46
53
36
49
44
58
55
52
50
52
50
56
57
53
56
50
54
48
49
49
61
42
44
67
59
47
44
41
47
42
39
37
37
50
52
49
52
50
56
53
74
47
60
54
54
52
51
55
55
57
58
64
50
53
61
50
70
59
53
49
50
52
51
52
47
50
47
54
58
50
53
60
44
53
51
51
58
50
55
51
54
54
55
54
54
69
50
49
48
61
66
48
56
56
50
51
54
57
60
66
56
54
54
57
54
55
59
53
57
60
55
54
57
56
52
58
50
56
54
64
51
60
56
63
50
50
61
45
48
52
58
53
55
56
51
64
46
53
50
56
55
62
66
52
50
60
55
61
46
50
59
46
72
61
45
54
53
55
56
57
52
52
56
49
52
56
53
62
62
56
55
54
61
57
58
51
61
62
50
48
60
54
51
58
59
46
53
67
41
49
57
60
42
53
57
52
57
48
47
42
42
49
51
59
44
49
50
61
61
51
52
64
57
62
56
54
65
50
59
48
48
49
51
59
61
51
52
55
55
70
63
49
56
57
56
60
61
63
54
53
52
52
56
51
50
56
65
64
51
52
55
50
52
66
49
56
57
56
48
51
46
47
44
48
49
47
61
46
55
56
45
42
43
54
63
53
57
54
58
56
54
43
49
53
44
41
50
49
47
56
52
46
46
68
50
57
49
40
53
49
44
47
45
58
47
51
55
59
42
52
44
46
43
35
37
41
68
42
52
52
39
47
47
41
44
39
48
38
43
46
44
42
43
44
48
50
47
48
69
46
47
44
48
50
65
31
46
41
45
44
43
43
44
47
45
40
44
42
43
40
70
35
41
47
51
43
43
43
47
46
49
39
48
42
37
39
37
37
43
44
44
46
65
37
46
51
48
50
53
46
47
50
48
47
52
50
50
61
47
50
52
45
43
48
43
43
50
46
43
45
47
48
51
56
64
49
53
44
47
55
70
45
49
47
50
48
53
76
40
47
48
47
46
40
41
48
43
53
46
45
43
41
47
50
51
55
65
50
45
43
55
52
53
51
47
44
47
48
50
46
42
45
43
43
44
49
37
46
45
47
54
51
46
47
40
66
43
44
47
51
46
48
47
41
45
52
45
43
51
45
42
48
64
51
50
45
48
49
43
48
52
52
44
53
59
47
45
44
45
44
43
48
49
45
43
41
45
47
45
41
51
43
49
41
41
46
55
56
50
54
47
50
52
51
54
63
43
33
37
44
49
39
33
40
35
38
44
42
41
44
47
52
45
43
43
39
37
41
40
40
43
43
41
51
42
40
36
38
36
47
40
47
43
53
40
44
44
48
42
43
46
55
42
39
55
43
43
42
46
52
46
49
46
55
46
47
48
47
43
55
44
55
39
51
54
46
50
68
50
44
50
37
46
45
50
43
43
47
37
49
57
51
63
47
47
39
44
34
33
41
38
40
47
49
51
50
52
55
60
49
50
50
48
53
48
50
41
44
49
48
42
41
47
60
42
50
42
52
54
42
51
48
50
46
50
44
45
40
51
54
44
51
49
47
40
45
51
51
49
55
48
50
49
51
61
42
47
50
42
41
41
38
44
51
52
48
49
54
49
54
53
51
49
48
50
39
36
44
40
42
38
42
37
40
43
45
48
47
48
46
43
48
61
63
39
51
50
48
45
48
46
45
44
41
55
53
50
47
42
51
65
43
47
47
50
44
45
48
46
48
52
49
50
48
40
61
39
46
45
42
46
43
43
44
50
34
42
35
44
40
41
46
40
39
45
38
43
44
42
44
41
65
36
41
44
37
48
53
53
53
50
41
42
41
40
40
39
41
36
41
44
56
43
42
40
45
45
50
44
48
48
51
48
52
33
44
46
42
43
44
55
47
45
55
74
45
63
55
57
44
47
49
49
44
45
51
50
57
56
52
49
65
55
50
55
51
53
44
47
44
46
49
46
49
57
59
70
46
52
52
46
47
45
43
47
44
49
48
49
45
65
39
45
58
47
47
48
46
51
53
43
47
49
45
41
39
42
37
41
44
49
44
45
46
61
46
48
47
50
44
48
50
47
49
46
49
51
51
55
53
48
56
57
55
37
43
46
44
46
44
42
56
50
41
41
46
50
50
55
50
51
45
59
51
50
47
46
51
46
42
49
42
44
42
52
42
60
44
44
46
50
52
52
49
48
50
46
52
48
62
58
45
42
57
35
43
44
49
40
48
42
40
65
55
55
48
43
58
59
58
54
55
55
63
55
72
48
50
48
49
52
48
47
50
43
60
49
52
53
65
48
46
44
47
51
58
50
48
47
56
52
54
56
67
55
51
52
46
54
47
53
62
52
51
54
66
54
57
62
54
73
44
56
50
43
58
57
52
53
57
53
50
52
52
50
51
55
55
54
44
44
47
49
60
60
52
48
49
52
53
51
47
41
57
45
41
49
45
49
49
50
74
53
50
44
68
49
51
60
58
60
56
55
58
57
66
58
70
40
44
46
46
57
44
47
50
42
48
40
52
53
64
42
48
47
45
48
43
51
51
47
51
51
51
47
54
42
44
43
47
57
62
55
50
58
66
64
55
49
54
51
54
50
52
53
53
53
71
44
54
55
54
60
56
62
56
52
55
59
54
63
54
54
60
63
56
59
56
64
56
55
52
60
54
55
50
55
56
50
47
60
52
43
49
46
42
57
63
48
52
56
60
54
63
66
60
56
60
58
59
57
58
50
50
48
69
41
45
44
44
54
44
45
46
44
42
41
46
43
43
47
49
49
47
59
49
48
43
47
53
52
51
44
48
50
49
47
54
44
47
45
76
47
47
49
52
43
43
45
42
50
49
42
48
47
47
46
61
59
37
42
41
39
41
44
43
41
44
43
41
38
34
35
32
40
33
37
35
35
36
37
33
38
58
43
58
59
37
33
36
47
48
49
48
53
40
38
34
39
34
39
47
46
42
36
38
35
44
46
44
58
43
58
45
42
44
45
46
42
39
41
39
46
41
36
37
35
44
38
40
37
48
45
50
50
56
47
44
39
39
58
34
40
40
38
42
38
38
41
39
43
38
38
46
40
39
46
48
50
45
60
61
54
58
70
55
53
55
49
52
53
50
48
52
52
61
45
46
52
49
51
57
50
50
44
62
52
55
65
46
49
58
47
44
48
49
42
49
47
51
53
49
44
41
46
46
53
74
51
60
53
50
49
52
50
51
52
53
70
42
46
42
45
44
45
47
49
48
48
48
53
52
60
51
54
43
58
50
61
56
58
53
56
57
54
55
52
41
42
46
40
44
40
53
47
61
52
46
52
56
44
55
41
40
38
41
49
50
50
