34
47
53
41
47
50
55
63
59
53
51
50
55
32
39
29
35
57
58
54
48
52
62
55
66
46
34
37
36
32
36
36
31
37
63
53
46
49
62
61
57
66
30
35
33
33
38
31
34
29
45
40
50
50
47
60
48
57
51
54
50
51
47
45
44
45
47
40
45
47
43
42
55
48
62
54
51
51
51
44
44
40
46
37
39
38
40
36
39
40
37
37
38
39
38
35
38
46
38
35
44
46
32
41
35
56
46
47
44
50
47
46
48
54
42
45
50
46
44
45
53
36
43
39
38
46
45
40
46
48
40
44
42
42
42
48
37
44
46
39
45
49
39
41
59
53
56
54
46
54
50
56
57
54
63
53
61
46
53
51
57
53
60
61
54
49
47
56
56
47
53
52
48
63
61
52
57
62
47
50
58
62
54
57
59
48
54
60
52
54
54
55
58
62
60
47
58
55
56
54
56
52
71
54
55
53
56
52
59
51
55
52
57
41
56
56
60
53
61
58
61
53
56
64
45
50
47
57
53
52
51
51
65
51
52
54
54
50
51
58
45
53
59
63
52
63
57
52
49
44
58
59
47
46
46
52
45
52
53
47
47
44
46
44
44
48
46
49
49
48
49
38
40
49
50
51
47
51
53
52
50
62
46
56
49
54
53
55
64
49
57
57
53
52
57
52
47
50
64
60
55
64
55
50
55
58
54
57
53
55
50
50
60
51
46
49
69
37
45
45
67
51
50
48
55
50
52
48
45
66
33
45
50
44
43
44
46
52
41
52
52
52
49
59
57
52
55
55
50
53
51
57
48
43
48
48
60
55
47
44
46
49
48
40
36
35
56
48
52
50
51
53
56
63
47
54
51
53
52
56
52
53
57
67
64
56
55
70
49
54
51
55
62
49
53
57
56
43
47
50
56
59
51
46
48
57
52
52
48
51
56
53
59
65
56
52
56
56
50
48
50
49
49
67
61
69
43
50
61
48
55
51
52
51
62
58
55
53
58
58
54
52
53
55
56
58
54
56
55
56
53
62
61
49
53
58
55
55
54
51
46
57
72
48
53
64
49
59
54
55
54
49
55
52
59
60
59
48
58
58
64
45
52
52
56
57
49
54
59
47
57
55
47
55
58
51
55
52
50
60
51
63
56
64
49
55
67
49
54
58
53
70
48
48
53
62
47
55
59
55
48
50
59
45
53
63
49
48
55
59
49
55
43
43
51
43
48
50
51
50
55
54
55
58
60
50
59
50
57
52
59
62
53
51
54
45
59
47
56
53
57
56
52
57
53
55
55
59
56
56
57
52
61
56
50
51
50
54
50
66
44
56
61
52
58
52
50
53
55
63
55
54
51
52
48
45
47
45
47
46
46
61
59
44
47
44
44
49
56
57
52
57
56
55
63
49
43
46
49
34
45
50
44
52
64
42
44
49
53
48
57
42
47
48
62
51
45
43
41
51
56
61
50
46
56
46
42
41
41
33
46
57
49
49
46
43
45
48
41
39
40
42
39
43
47
42
64
33
44
48
47
51
48
49
49
51
45
47
43
47
40
45
40
44
42
41
41
54
43
51
40
61
35
47
43
46
46
41
47
45
45
45
41
56
41
42
40
44
42
31
43
39
43
40
39
50
48
50
60
43
50
50
55
43
49
48
49
45
47
56
53
46
44
69
45
54
45
47
44
49
40
46
50
45
45
52
45
56
49
54
70
48
52
45
58
52
56
50
49
47
50
55
59
59
49
46
52
50
44
40
43
46
47
46
46
46
43
42
43
49
61
50
65
53
46
47
51
53
50
56
46
44
43
50
47
44
44
47
45
41
45
46
43
43
41
49
61
47
45
44
50
47
58
41
48
48
56
38
45
45
43
48
50
45
44
45
45
57
63
51
50
48
49
48
41
48
52
50
48
53
52
48
47
49
42
46
42
44
45
48
47
37
39
46
44
42
70
34
41
44
36
50
51
56
56
50
47
51
50
51
57
69
36
29
34
53
37
39
35
41
37
40
43
41
46
45
43
53
47
41
41
42
37
44
37
42
41
43
49
46
40
37
38
40
35
46
39
50
49
47
39
40
41
56
45
46
52
40
49
46
47
49
53
54
41
42
57
50
52
50
45
45
47
47
48
43
41
46
53
54
44
48
51
65
45
52
45
42
39
42
47
46
45
43
46
42
39
45
65
61
43
46
48
32
39
40
37
36
40
42
37
49
50
54
54
59
52
59
49
62
51
51
49
47
52
45
50
43
51
51
57
41
47
46
47
47
48
52
43
44
45
45
50
43
48
40
42
59
39
42
45
51
42
45
42
45
46
53
47
53
55
49
58
60
44
47
47
49
44
39
45
36
41
50
53
48
49
53
52
60
54
53
56
48
47
51
45
36
41
42
38
38
44
40
40
41
44
59
55
45
47
42
59
41
48
50
48
52
50
49
53
44
45
49
41
71
44
49
53
44
44
44
46
50
47
47
47
47
43
48
48
64
46
47
52
50
46
42
43
39
47
44
42
44
44
45
44
43
44
42
38
37
42
61
37
38
41
41
48
41
42
40
44
43
43
39
44
42
38
43
41
49
51
55
53
47
41
48
44
57
34
38
41
35
40
42
44
48
40
43
46
42
46
45
45
47
53
47
42
40
43
44
45
64
48
41
45
50
53
52
50
54
55
52
48
49
50
47
67
40
50
42
58
57
62
47
47
58
49
52
56
59
48
42
45
48
46
48
44
52
59
52
50
58
49
50
55
55
68
38
47
50
50
45
45
55
42
43
50
44
50
47
44
47
50
48
47
49
68
49
43
38
37
37
42
47
45
47
46
45
44
63
45
46
50
46
45
47
48
47
51
48
62
47
52
47
49
48
46
55
38
44
45
47
42
43
56
43
48
45
44
44
50
70
49
58
51
46
50
50
51
54
44
47
45
47
44
49
44
42
47
44
44
49
39
50
49
63
40
52
45
58
50
51
49
62
45
46
39
53
40
41
38
46
44
47
52
57
59
53
49
50
52
57
53
53
57
54
63
53
56
47
47
50
48
54
62
38
50
43
50
56
48
56
46
51
49
52
42
54
51
51
53
50
50
54
53
55
53
57
55
47
46
50
46
59
52
49
56
52
55
58
52
60
55
56
47
46
55
58
43
55
54
55
55
59
53
51
53
59
46
53
57
55
49
46
46
51
45
59
56
54
47
71
42
52
50
44
41
43
51
44
44
50
52
62
52
56
51
50
41
52
59
54
55
68
58
60
55
62
56
62
51
49
52
46
42
57
46
50
47
46
44
41
46
51
53
46
51
45
51
45
65
37
51
52
52
52
47
46
52
53
42
42
48
37
68
70
49
63
49
53
56
55
52
53
52
65
46
50
52
54
53
65
54
55
56
52
57
56
56
58
59
57
56
60
57
58
57
59
60
57
63
60
57
53
60
57
55
55
56
54
53
52
47
50
52
49
57
45
46
45
53
58
52
52
52
58
58
56
53
58
63
64
53
57
57
52
53
56
50
49
60
39
43
45
44
45
47
44
42
43
44
42
50
39
48
47
42
51
51
52
47
48
46
46
51
53
45
44
53
47
51
47
46
56
60
44
50
46
50
45
49
47
45
44
43
52
46
43
51
45
48
88
41
43
39
39
43
48
41
50
40
42
47
41
40
40
34
33
36
35
38
33
36
35
38
65
41
43
45
50
45
42
38
35
36
44
54
51
56
49
38
37
37
34
38
40
46
46
40
38
39
42
58
56
46
46
50
47
37
35
49
43
50
36
41
40
44
46
43
40
38
34
45
37
40
41
47
49
61
44
49
46
59
32
38
41
35
41
43
39
36
39
42
42
39
40
37
42
38
39
41
43
50
46
53
53
59
55
68
55
60
49
56
52
59
51
50
48
51
47
59
50
44
60
57
51
43
56
52
63
55
56
48
56
50
47
48
50
42
50
43
43
49
45
50
43
52
41
42
43
60
48
59
54
57
59
51
49
52
50
51
50
50
52
48
50
45
41
51
60
47
47
52
58
49
52
51
49
51
46
65
49
58
52
60
50
52
55
54
55
72
50
38
41
43
45
42
42
53
55
46
52
55
50
49
65
41
41
