44
41
53
63
64
62
57
51
58
51
51
35
38
38
32
38
56
69
44
55
50
58
55
53
37
40
35
50
33
35
32
32
62
55
49
59
54
59
56
47
44
35
35
39
42
27
30
36
38
47
50
50
73
40
51
52
52
43
46
64
46
46
45
42
41
46
45
46
43
53
50
54
48
50
60
55
42
47
45
40
39
40
38
39
35
41
35
40
36
35
39
38
37
35
36
38
38
36
38
54
31
36
38
54
44
46
48
49
47
65
29
48
47
46
48
41
43
40
42
42
51
39
40
44
49
39
39
45
42
45
45
44
41
40
45
44
43
42
48
42
41
59
52
54
54
52
50
59
52
62
63
54
70
52
56
55
53
55
53
56
62
60
53
47
58
50
59
53
52
53
59
54
61
50
64
55
47
54
57
59
53
57
59
49
60
66
45
55
58
54
62
51
54
59
53
54
53
53
56
57
57
56
57
49
53
53
55
51
57
47
55
63
55
52
57
60
56
59
51
57
56
57
52
56
55
56
56
58
47
60
44
51
51
60
53
50
53
53
55
57
55
60
68
63
57
52
47
45
66
51
52
45
44
56
45
56
46
48
49
49
54
45
47
47
47
55
45
43
40
42
49
45
50
53
56
49
54
51
57
48
51
51
72
45
59
53
55
56
64
48
54
45
43
56
57
64
54
59
52
57
51
56
52
52
48
51
49
51
57
44
45
39
44
57
49
45
60
47
50
50
58
38
50
43
45
45
38
47
48
39
52
48
68
44
53
53
56
55
53
51
45
50
59
46
63
35
43
49
48
46
45
49
44
36
37
52
48
50
49
51
51
56
57
59
50
53
52
52
58
49
58
63
58
58
61
52
57
54
52
55
56
50
50
52
52
63
50
49
56
41
57
58
56
46
52
65
52
50
53
53
56
57
56
54
53
57
53
50
61
45
47
56
63
52
55
50
56
49
52
55
58
53
52
55
56
58
54
53
55
53
50
58
52
57
57
54
60
54
44
59
52
57
56
58
50
57
53
53
58
56
66
45
52
54
56
54
57
57
57
56
53
53
58
54
58
57
52
58
55
54
58
45
50
57
46
52
55
53
62
50
47
55
54
57
57
54
54
50
54
65
65
52
60
52
60
57
51
56
58
67
49
49
56
55
62
47
57
53
49
52
46
50
55
54
51
48
56
55
55
53
42
41
43
48
47
48
50
48
51
64
50
58
64
49
54
59
46
58
55
67
51
60
50
46
52
58
48
56
60
50
56
56
56
55
57
58
56
55
52
57
59
51
52
55
59
56
50
48
55
56
58
53
64
49
52
56
48
53
62
49
47
47
46
47
40
56
43
45
51
57
43
42
47
45
42
55
61
50
54
55
55
69
42
45
41
43
37
50
57
39
56
57
45
50
43
55
55
51
44
51
45
61
43
46
42
57
43
55
60
58
48
39
40
35
29
51
43
59
50
50
41
47
41
38
46
40
41
44
41
43
43
61
38
49
50
48
48
48
45
48
46
50
47
44
45
40
46
44
42
53
47
45
43
42
41
42
42
46
47
37
40
50
47
42
43
52
47
40
46
40
49
36
38
40
40
42
46
46
50
39
43
50
57
51
44
47
49
45
52
59
60
48
49
45
47
51
57
42
49
45
46
43
47
44
51
45
47
45
52
51
49
57
55
52
45
63
59
52
50
50
46
52
56
53
52
48
53
48
46
41
40
71
38
52
44
41
43
57
48
55
55
52
50
55
43
79
39
46
40
44
47
41
44
50
39
45
53
45
47
53
40
48
54
52
46
44
42
43
45
46
48
49
49
47
42
52
43
48
48
42
49
42
47
52
44
53
51
43
49
48
68
59
51
49
46
47
52
53
49
42
47
45
46
46
52
42
49
40
48
47
46
50
29
41
37
40
49
51
54
52
52
53
70
44
51
55
53
34
30
44
48
39
36
37
39
39
40
44
44
44
50
46
45
50
40
41
41
39
37
38
41
42
40
38
39
46
31
44
37
43
39
49
52
44
39
49
41
49
46
38
45
39
47
48
54
48
47
50
52
51
48
50
41
48
42
50
45
47
50
41
47
62
50
43
50
46
51
52
49
49
44
40
37
46
45
57
53
31
42
41
49
60
61
47
51
43
40
40
36
42
42
43
39
52
48
51
50
52
55
62
51
50
52
49
48
53
55
46
42
47
48
48
39
44
47
41
52
52
51
50
55
44
53
58
41
47
45
41
45
46
48
42
42
56
42
52
40
42
48
63
44
50
52
51
59
46
47
47
47
46
46
41
42
37
42
47
62
48
50
49
50
53
55
74
45
49
51
47
40
37
47
39
45
38
42
44
35
43
47
53
48
64
35
59
42
46
47
43
53
48
52
50
40
47
44
40
44
70
44
50
41
46
44
51
53
45
47
50
42
50
43
66
46
48
58
43
43
49
37
43
42
44
48
40
42
45
46
43
42
32
36
57
54
31
43
41
44
38
44
39
43
42
40
42
43
40
38
41
43
51
55
53
50
47
54
48
41
37
40
42
42
38
44
45
44
48
44
42
49
46
43
49
51
44
53
43
42
42
54
43
45
53
45
41
52
49
55
48
57
54
50
48
55
52
46
48
45
47
53
54
56
48
49
48
52
60
54
51
50
44
44
55
42
48
49
49
54
53
48
53
69
36
52
42
47
43
55
45
47
58
45
50
49
55
42
50
49
47
47
66
41
48
47
48
45
41
40
38
41
42
46
49
42
50
46
46
44
44
51
48
47
59
42
49
47
51
47
51
53
50
47
50
44
46
41
43
46
43
44
66
38
42
43
45
42
48
51
51
52
56
50
45
46
50
55
53
51
47
62
42
44
41
55
45
51
44
41
46
47
50
50
78
48
61
43
42
53
49
66
33
43
44
43
44
41
42
50
46
52
38
67
48
50
43
56
69
44
54
55
53
57
50
53
49
62
47
51
50
45
51
41
53
54
48
50
67
59
51
39
50
48
55
60
40
51
50
59
59
55
53
43
51
46
50
59
46
54
54
48
52
63
52
56
62
45
49
60
40
59
49
55
50
60
48
53
51
47
58
57
48
43
55
41
50
60
55
51
45
55
47
52
47
45
55
41
49
42
47
50
57
53
54
50
45
57
51
52
59
54
66
50
59
57
59
53
62
48
45
48
46
44
51
50
46
43
45
65
43
47
46
53
46
47
48
44
61
38
46
72
44
45
47
47
44
51
39
54
62
58
55
54
56
52
58
53
57
51
50
55
49
50
53
50
55
57
52
53
55
55
52
59
55
62
52
65
50
59
57
53
64
56
61
54
58
63
56
58
55
53
57
56
58
53
67
44
45
55
46
52
49
45
43
48
58
52
54
56
55
69
57
51
54
59
58
54
60
54
59
70
42
51
43
47
45
46
42
44
47
49
48
43
44
43
40
56
54
41
56
49
44
53
37
50
49
47
47
57
45
42
52
64
64
49
45
46
49
45
50
45
47
50
48
48
44
48
46
46
42
77
63
52
41
48
41
38
41
40
41
38
46
42
43
45
38
43
38
32
41
30
31
35
33
35
65
33
36
41
46
47
46
47
40
41
34
40
45
51
48
49
48
37
40
36
38
38
40
46
48
35
39
37
40
60
36
49
51
53
42
36
39
45
45
43
43
39
42
42
48
39
36
40
34
43
40
38
43
45
62
52
50
47
50
35
40
37
41
41
40
40
45
37
37
40
40
39
42
39
39
40
39
43
47
48
47
68
51
61
57
55
53
57
52
51
48
66
48
50
47
55
48
53
45
47
50
55
49
54
51
63
54
49
73
52
49
50
49
56
39
47
42
51
42
46
51
47
52
61
38
39
50
55
58
57
59
56
49
54
66
45
46
51
50
52
52
46
43
44
44
48
48
50
48
67
42
56
52
50
47
50
51
48
52
60
57
71
51
52
51
57
54
50
41
40
44
45
65
37
50
49
49
53
50
52
45
47
50
41
38
40
45
54
53
60
51
47
47
44
39
42
50
50
44
57
50
44
43
43
51
63
38
43
50
42
43
42
45
45
45
46
48
45
50
54
50
43
37
50
46
50
50
62
49
55
66
50
52
53
57
56
52
