33
50
47
49
60
63
54
75
59
57
56
52
40
43
46
41
47
54
62
63
58
54
55
48
54
53
48
43
41
34
32
34
34
36
34
39
38
38
35
39
40
50
37
49
47
49
41
46
39
34
39
49
40
41
51
35
55
48
50
41
42
33
38
47
38
39
50
26
40
38
40
45
45
45
43
40
41
31
31
33
45
37
50
40
35
34
41
41
45
52
33
35
40
44
42
47
39
41
37
42
40
44
46
40
40
59
47
62
49
48
41
40
39
33
46
45
44
39
40
54
51
59
64
45
40
43
43
34
42
42
40
36
43
52
49
45
64
39
38
43
46
39
42
35
38
36
45
48
43
47
46
47
52
41
49
55
50
46
53
56
45
32
38
38
47
29
36
32
30
35
30
30
34
41
37
41
41
40
40
38
39
37
38
31
41
44
45
44
43
53
41
49
51
51
49
51
48
52
60
67
63
50
47
52
54
50
50
53
46
47
49
52
69
40
47
31
51
46
54
57
48
43
46
44
47
45
47
46
49
51
50
42
45
56
44
63
62
38
44
43
41
41
44
51
50
49
44
46
48
47
49
72
54
60
53
45
50
45
47
56
41
47
65
55
66
39
43
51
52
44
52
52
44
45
54
52
53
59
65
60
50
57
59
54
55
57
45
43
54
57
62
55
55
51
53
50
56
55
56
58
57
60
64
54
58
59
51
56
54
54
58
76
53
70
50
63
51
57
44
55
52
41
46
47
46
59
50
62
51
45
42
50
46
42
44
42
48
48
48
49
50
48
51
40
46
54
56
53
53
58
62
42
44
44
44
52
49
62
53
68
68
52
47
47
51
52
55
57
53
70
47
49
48
52
54
46
55
72
52
64
51
52
51
41
43
50
42
54
54
63
70
52
51
52
53
51
55
45
47
47
63
68
44
46
52
44
49
44
70
42
54
45
40
48
49
53
54
48
48
45
44
50
42
43
43
38
49
42
40
50
46
47
43
55
51
44
57
43
43
48
42
42
42
46
45
46
44
43
45
46
46
47
45
50
48
72
34
57
46
56
46
48
46
45
71
40
45
45
47
48
43
44
42
47
50
54
71
44
54
44
48
49
39
44
52
42
34
37
38
51
54
37
45
41
47
45
45
47
45
47
47
50
45
48
47
46
82
43
50
64
36
44
48
41
51
50
48
48
50
53
54
60
57
57
42
40
63
40
37
42
54
48
35
55
65
39
30
35
30
32
35
32
52
38
46
60
46
48
49
49
43
63
41
61
51
57
42
42
42
41
43
44
39
42
45
45
46
47
42
45
46
48
37
37
41
73
34
51
47
40
38
41
41
37
37
43
41
45
46
39
50
50
35
47
44
55
38
40
45
42
62
55
33
54
46
47
41
43
35
59
59
57
47
50
52
50
50
50
65
54
38
50
51
47
55
49
52
52
51
48
50
50
37
44
69
38
49
48
42
45
42
45
56
40
44
55
41
46
58
46
47
48
67
59
58
44
51
54
46
44
49
41
43
41
36
47
45
42
52
46
49
73
56
46
60
50
45
47
48
49
55
56
47
44
51
40
48
45
54
54
57
52
62
53
50
50
51
49
45
45
50
47
64
56
50
47
50
53
54
61
68
48
54
50
53
49
59
62
52
66
62
52
65
66
58
51
56
53
53
81
43
49
53
52
52
41
46
43
53
63
49
58
51
54
55
46
56
56
57
55
59
42
44
42
40
47
48
52
61
48
47
43
49
39
50
51
50
46
44
45
42
42
50
44
59
45
50
52
35
67
62
53
59
51
55
51
45
50
52
43
59
61
54
64
52
57
48
75
45
58
69
56
53
49
51
49
51
53
51
52
60
47
53
56
56
56
52
67
63
54
49
52
49
50
50
56
57
46
50
44
72
48
54
47
55
52
56
51
57
66
46
42
54
59
50
60
58
45
79
80
43
48
50
45
42
46
43
50
41
46
45
43
44
45
50
50
44
62
40
46
52
39
39
41
42
40
40
40
38
42
45
45
48
42
46
48
42
47
48
47
49
48
49
46
47
61
50
49
43
72
43
55
44
50
51
43
47
40
47
47
48
55
57
70
46
45
45
41
44
50
47
47
47
40
44
45
44
48
53
50
52
54
71
51
50
51
49
45
48
45
52
44
48
49
46
44
47
40
68
47
44
43
51
48
41
63
44
45
45
45
45
44
41
44
47
42
46
47
42
44
42
46
47
47
48
43
45
40
48
51
60
62
47
43
43
53
45
48
45
45
40
44
46
45
47
43
45
50
57
44
48
48
51
47
43
43
47
44
49
47
41
48
61
41
41
47
46
48
40
47
47
45
42
46
51
42
44
52
42
51
47
45
44
50
49
51
61
53
44
46
51
46
52
49
47
45
46
58
50
45
40
40
51
51
56
67
43
45
48
45
48
45
45
48
46
43
44
46
48
52
45
51
48
47
69
37
47
46
43
52
45
45
48
43
45
45
50
46
49
47
56
43
53
55
65
42
52
72
45
50
45
47
52
41
51
41
49
40
44
52
39
50
44
49
60
42
46
42
52
40
44
45
48
46
45
50
46
48
45
45
45
51
50
46
47
63
44
47
52
44
47
51
46
57
59
50
79
51
58
58
50
41
50
45
40
47
57
57
48
47
50
57
52
44
51
65
53
48
47
54
48
46
47
47
49
60
44
48
45
47
53
63
47
51
59
52
52
52
50
53
46
48
51
54
72
54
43
43
51
48
51
58
39
42
55
50
52
45
46
50
48
53
53
47
45
50
47
42
47
43
46
42
51
48
54
44
50
52
45
49
62
60
43
47
40
50
41
45
46
46
44
44
44
47
62
70
42
46
43
42
41
51
50
55
54
59
63
53
38
57
55
52
58
61
52
72
49
43
46
44
53
41
45
43
48
48
42
53
54
46
41
44
44
43
43
50
40
46
42
47
59
51
37
42
45
57
42
46
41
47
52
50
51
45
45
66
43
43
57
48
50
68
51
45
45
46
45
44
48
54
56
54
56
60
55
55
58
72
58
51
57
53
54
51
49
44
48
52
53
41
44
43
43
57
47
48
43
47
52
47
42
41
43
43
46
48
46
53
53
43
45
46
45
57
53
52
39
50
48
45
46
53
49
47
35
42
42
53
47
42
50
56
52
60
40
47
52
47
51
43
60
45
67
58
53
46
50
49
47
47
46
54
48
49
52
42
51
47
52
56
59
48
59
47
52
51
55
54
57
50
59
61
46
50
45
57
50
57
58
51
55
59
57
63
53
52
32
39
36
36
46
63
49
46
44
48
44
52
46
47
48
52
45
43
44
51
59
58
46
48
45
46
52
41
49
44
47
43
48
49
69
41
44
47
44
40
46
42
56
52
41
46
44
45
45
43
37
46
42
43
58
62
45
49
45
43
52
43
39
41
52
39
44
42
37
40
50
39
48
43
32
49
46
29
38
33
52
45
44
47
43
43
47
49
47
50
56
63
48
46
63
57
42
46
48
50
48
54
44
57
65
59
58
55
59
71
58
54
53
64
48
56
61
50
53
53
52
53
65
58
52
59
58
56
55
57
58
50
52
55
64
54
61
54
61
54
53
57
48
55
51
51
60
53
51
56
51
52
78
61
44
64
64
58
51
42
50
42
48
48
41
49
49
53
53
62
61
58
43
55
61
50
57
56
56
54
66
64
58
55
55
53
57
52
60
51
65
60
51
54
57
52
54
49
59
54
74
74
54
55
56
54
56
58
50
48
49
73
39
45
50
54
45
52
52
53
61
47
50
47
50
40
43
43
67
37
48
43
42
60
57
50
57
44
56
50
59
60
44
51
49
52
42
42
42
46
53
41
41
38
41
43
42
68
36
44
46
44
46
45
48
49
52
60
54
56
53
68
62
52
57
50
65
60
48
47
47
54
63
55
57
52
55
56
50
50
54
71
49
53
54
51
54
59
64
55
61
58
48
50
51
57
43
52
58
59
62
44
44
47
44
48
51
47
42
47
43
43
43
52
46
49
55
52
69
43
51
45
51
45
44
47
45
46
44
43
50
44
42
50
41
52
50
64
58
51
47
48
48
51
50
46
46
45
57
41
45
53
67
32
