54
44
53
48
54
50
65
62
58
58
58
43
46
36
64
45
58
48
52
61
46
55
48
48
47
45
47
39
34
33
34
32
34
36
33
35
39
35
33
39
37
42
61
47
49
47
38
35
36
40
42
36
45
47
31
38
30
46
44
44
40
36
37
44
49
44
47
42
39
41
45
40
42
54
37
44
49
45
38
31
48
62
38
53
39
35
36
40
44
41
40
41
35
38
49
37
44
39
38
43
35
39
47
40
44
36
42
42
43
64
40
40
46
48
46
36
48
46
40
41
37
52
55
44
48
47
41
43
43
38
39
63
36
37
44
70
38
44
44
40
39
50
37
39
51
34
41
44
49
44
45
46
43
49
44
43
51
50
50
47
63
41
33
34
40
45
32
33
37
31
33
33
30
34
36
40
41
39
41
41
40
38
38
41
32
33
46
45
44
43
50
48
45
55
52
46
43
50
48
51
75
48
52
49
53
53
57
53
48
45
52
69
43
39
34
41
41
34
55
60
50
42
45
49
45
43
47
48
46
52
48
43
43
44
52
46
54
51
68
39
52
36
43
55
48
44
45
49
46
44
50
51
69
65
52
46
44
49
50
47
44
46
44
43
62
45
45
45
64
44
57
57
45
46
48
55
54
58
51
54
56
56
62
73
58
49
47
47
55
53
55
50
50
50
57
62
56
64
60
54
55
52
52
57
56
55
68
63
49
54
65
49
73
53
55
57
58
67
44
46
44
52
42
43
45
50
53
50
50
44
45
44
45
46
45
49
65
45
50
47
51
45
52
50
37
55
50
55
48
68
53
58
43
45
42
45
56
41
51
64
65
75
50
52
46
47
52
52
55
61
56
58
62
60
53
50
49
52
57
53
58
54
50
59
50
48
59
46
51
47
50
58
41
57
50
69
54
53
54
44
47
50
51
47
52
48
50
48
43
58
69
55
46
45
45
48
50
51
42
43
42
46
46
45
46
43
42
55
58
38
44
45
47
49
48
44
44
46
47
50
47
47
43
38
39
44
49
44
44
45
40
47
44
49
50
46
49
47
39
68
45
49
51
46
48
41
50
45
46
52
41
45
49
45
46
45
50
47
46
59
58
51
48
46
52
44
44
47
43
36
41
47
42
40
42
45
53
45
67
67
38
52
44
54
46
48
42
54
58
46
47
43
44
45
43
50
44
50
48
46
58
45
53
50
47
66
41
39
51
59
38
37
43
42
45
42
39
47
53
37
31
37
32
32
33
33
43
41
40
51
45
43
40
43
44
45
47
54
45
50
50
59
41
38
58
41
31
41
36
40
44
37
41
43
39
40
37
36
37
39
42
41
40
43
44
34
34
33
32
35
36
40
35
40
40
41
38
40
37
39
39
40
39
42
37
39
39
38
38
38
39
36
60
65
41
40
38
43
52
51
48
46
47
57
49
56
48
52
52
52
48
50
62
54
60
61
47
51
51
48
41
49
44
45
44
46
48
46
45
44
43
65
41
42
53
44
47
44
51
43
43
46
47
73
47
48
50
64
52
40
47
41
44
42
47
45
47
56
45
50
66
47
42
44
48
44
50
47
72
43
56
55
41
46
53
43
47
57
52
52
51
50
50
54
54
53
64
41
45
53
47
60
62
54
54
53
51
59
52
71
55
48
53
54
59
53
58
58
63
54
61
56
56
53
56
53
53
56
62
63
47
46
53
52
44
45
48
42
59
57
51
56
56
53
50
54
53
57
72
47
41
62
46
43
44
48
49
53
54
48
49
44
46
44
47
67
37
44
47
41
46
45
52
49
52
47
71
45
39
77
53
58
49
58
51
56
46
47
54
45
58
57
69
47
60
52
55
55
51
49
41
73
70
46
52
49
43
45
51
49
56
55
47
57
52
57
55
56
55
54
55
56
53
55
49
65
55
73
48
47
43
52
52
51
53
48
50
61
58
61
50
62
49
53
50
52
57
56
45
58
70
48
46
50
47
45
57
55
62
41
46
48
43
46
45
46
46
44
44
41
49
43
44
45
37
39
39
44
41
40
41
41
42
46
45
44
46
54
63
41
47
50
45
47
45
49
46
47
50
42
48
46
44
47
63
65
48
49
58
46
46
47
45
51
54
58
53
46
42
45
43
48
45
48
43
43
45
43
41
44
52
49
51
54
53
54
48
49
47
63
61
57
45
46
47
45
46
44
43
43
42
42
45
47
65
56
44
46
47
45
47
43
45
44
42
59
46
48
44
44
45
44
42
43
44
50
47
45
45
41
40
49
52
41
44
44
48
42
66
45
57
61
38
44
41
44
45
43
45
45
43
45
44
44
49
45
47
43
46
47
43
49
48
63
40
43
44
37
48
71
36
42
44
45
40
48
53
44
41
49
40
47
58
41
45
46
49
48
42
51
69
37
48
49
46
48
40
46
43
44
45
52
40
38
53
51
68
43
47
50
44
52
69
40
43
48
46
45
42
45
47
48
47
44
66
49
42
50
43
53
43
47
48
44
44
57
41
43
43
55
45
47
51
51
48
43
52
67
43
48
44
48
45
48
46
50
67
45
49
43
48
43
40
50
60
45
45
47
60
56
47
50
39
43
46
45
41
44
45
51
48
50
49
45
45
46
47
53
49
46
67
51
50
47
48
47
46
52
49
55
53
56
58
59
63
42
52
45
40
50
41
43
49
51
55
64
48
53
55
57
60
41
51
46
48
54
48
50
48
46
49
46
56
45
55
64
44
41
52
44
52
65
55
52
52
52
49
54
57
58
52
50
45
44
53
50
50
48
54
53
42
45
49
59
56
54
54
60
38
47
48
47
45
46
45
43
47
45
46
42
48
51
47
51
46
48
47
63
55
48
43
48
41
45
42
50
49
46
39
47
41
58
46
45
40
43
46
44
38
53
45
64
49
91
57
48
43
56
52
51
57
58
65
58
41
48
54
50
61
39
43
47
45
43
42
51
45
47
44
35
45
47
46
42
45
44
42
44
49
45
39
38
45
40
42
67
35
44
48
52
52
45
49
82
46
41
57
45
48
48
44
52
63
43
49
41
44
54
54
52
55
56
59
59
64
54
61
55
56
54
55
52
55
48
72
44
43
47
49
44
46
39
46
44
47
63
56
48
52
43
43
39
46
56
76
37
42
43
39
45
46
43
57
44
48
52
44
46
44
46
45
45
42
46
58
32
36
48
46
45
51
62
51
43
44
45
48
53
44
47
75
40
45
42
50
48
48
46
48
50
46
49
80
42
49
47
50
48
49
49
45
47
54
50
53
62
51
55
55
51
55
45
48
47
50
49
61
71
43
57
53
53
57
55
60
51
49
44
42
36
37
39
37
68
37
43
45
44
55
40
47
47
64
47
44
43
47
47
55
45
51
48
49
48
68
38
46
47
47
47
44
47
50
42
45
45
40
49
43
45
46
44
43
47
44
39
43
39
42
42
63
38
42
48
51
39
42
44
43
39
44
47
57
43
43
41
35
44
41
48
42
35
33
31
32
33
32
35
39
48
47
43
47
51
52
53
48
58
48
52
48
48
50
45
43
53
50
48
56
63
47
57
58
54
57
53
53
54
78
53
57
65
49
57
55
54
54
66
52
59
51
52
53
55
57
58
60
67
46
56
51
53
62
58
51
62
66
52
47
54
49
56
50
60
46
53
79
47
55
49
49
51
57
55
60
63
36
45
68
45
47
55
44
51
58
50
52
48
67
54
52
57
54
60
62
57
73
58
56
61
49
57
64
51
59
61
65
58
65
66
60
66
62
47
60
54
55
53
58
53
58
56
60
66
61
55
50
60
47
62
40
48
52
61
48
50
53
51
52
54
50
60
45
48
41
42
45
44
41
45
51
56
48
58
52
54
71
45
47
52
44
56
48
41
44
48
40
42
38
39
48
38
70
33
43
61
54
43
44
48
40
50
49
57
52
53
65
63
53
57
60
60
67
53
54
48
44
47
50
52
53
53
58
68
56
60
55
52
54
57
49
50
57
49
57
64
65
51
51
53
53
53
53
78
47
61
59
52
46
47
44
45
53
44
51
44
52
44
42
40
67
53
44
50
49
45
45
52
49
50
43
45
46
46
42
44
46
53
43
43
