46
50
41
45
44
51
56
53
56
52
53
52
38
36
50
36
30
50
52
47
50
51
50
54
37
48
45
40
37
30
31
30
31
35
32
31
33
47
34
33
31
32
37
45
42
45
44
41
46
29
39
34
37
45
41
37
30
37
37
42
42
39
38
36
44
39
39
41
38
36
36
40
38
39
42
40
38
43
45
38
38
34
37
49
39
47
43
32
33
38
37
53
37
38
38
36
42
38
39
38
39
34
38
38
42
42
41
50
34
44
35
39
38
39
39
47
37
51
33
44
39
38
36
51
51
45
45
43
37
40
38
34
40
38
35
41
43
47
47
37
43
34
43
39
38
35
34
37
34
43
43
44
44
42
45
43
46
48
47
46
45
42
44
27
31
31
30
29
31
30
31
28
30
30
35
38
37
38
38
37
36
37
36
36
28
37
45
40
43
40
43
44
48
49
46
40
45
47
52
55
52
53
44
47
50
66
41
48
42
60
39
41
34
28
29
31
38
51
53
45
39
42
43
42
44
41
46
46
59
36
41
43
47
46
49
43
41
39
44
40
41
46
52
41
64
34
45
45
47
52
55
53
53
48
43
50
44
55
44
42
41
40
44
41
39
44
50
33
49
52
32
48
47
49
55
55
51
52
52
51
54
53
70
45
47
44
48
49
53
47
48
50
49
51
49
53
56
54
55
51
61
45
61
56
53
51
61
50
54
50
60
53
56
48
51
53
60
51
53
45
42
43
45
46
41
44
44
50
51
65
41
39
43
43
43
42
43
39
42
43
46
46
46
45
47
46
38
42
46
43
48
52
53
61
49
45
40
42
51
44
42
48
59
55
53
52
42
47
45
61
47
54
49
50
49
47
54
45
45
52
51
54
50
58
53
50
53
37
39
46
46
38
54
53
52
53
64
48
48
46
54
51
61
41
44
48
58
41
51
47
45
44
44
43
37
49
47
47
40
44
43
61
44
40
38
40
41
42
44
42
42
39
39
41
53
36
43
45
45
42
43
42
44
45
43
43
43
40
38
36
41
46
41
50
37
46
47
51
35
36
39
39
39
37
43
37
45
47
45
45
43
42
44
41
42
41
44
47
44
41
40
43
40
47
44
52
56
45
44
43
43
39
41
50
36
36
29
43
40
40
39
37
53
42
51
39
44
46
45
60
38
44
43
49
33
44
41
41
44
43
42
37
45
47
44
47
53
52
45
53
54
48
48
44
52
52
56
52
40
45
53
44
45
52
48
46
32
33
36
61
32
34
45
61
34
51
45
46
45
47
43
47
37
43
48
42
41
37
39
39
38
42
40
40
48
38
37
42
41
41
41
41
43
41
35
39
40
43
41
42
45
47
41
35
38
31
36
33
38
40
38
42
51
40
50
44
37
35
41
42
42
40
38
40
41
40
40
41
36
35
37
44
48
37
36
45
55
64
50
48
48
44
47
53
39
43
57
32
40
41
43
44
57
43
48
41
45
32
38
42
38
41
42
45
49
38
42
61
33
42
47
43
41
45
45
41
40
44
41
43
46
48
49
45
47
45
37
41
37
37
43
39
48
46
45
46
44
46
42
39
71
32
45
44
47
48
55
45
42
40
44
44
52
54
50
56
49
46
45
52
43
47
46
43
44
46
45
50
50
50
42
51
51
53
52
52
48
52
48
52
58
52
57
52
50
56
60
48
54
51
50
49
49
65
40
51
47
53
50
41
40
50
53
47
51
53
54
44
42
47
59
58
36
41
41
38
39
40
42
48
51
43
46
42
53
39
44
40
41
44
42
40
43
37
48
46
50
42
49
42
46
52
53
54
51
56
48
49
45
52
42
52
64
47
51
48
58
46
52
50
47
57
44
54
52
47
48
55
33
49
49
53
49
53
48
53
57
49
52
55
51
50
51
51
42
48
53
54
42
44
42
50
56
50
49
49
63
52
50
50
46
51
38
43
51
65
48
52
44
54
52
42
46
48
53
36
43
39
43
43
43
41
40
41
43
42
40
40
43
43
43
40
38
34
38
38
38
37
37
57
36
50
47
42
44
42
43
44
46
42
44
42
46
43
45
42
44
42
45
40
43
48
58
40
42
39
43
43
43
42
48
52
54
47
45
43
44
48
42
43
46
42
40
42
36
42
47
46
60
49
49
52
44
47
46
46
42
53
44
44
43
45
43
40
42
38
42
43
39
40
45
42
45
42
44
43
43
43
42
48
42
52
38
41
42
43
42
43
41
42
44
45
47
42
42
40
47
50
45
41
40
42
39
49
43
40
47
41
38
40
47
31
40
33
36
36
42
39
40
36
47
47
34
42
44
40
46
44
40
40
42
54
34
42
47
41
41
41
44
41
43
38
44
44
39
42
50
42
47
45
51
37
40
34
46
51
31
37
38
46
48
42
41
42
39
43
43
40
34
32
47
60
36
47
44
39
41
35
42
39
47
43
42
38
43
45
46
43
54
39
46
41
44
62
34
43
40
44
42
45
38
40
45
42
44
46
47
60
34
45
44
40
41
40
43
46
42
43
46
49
40
47
40
47
39
48
41
42
41
43
44
42
40
41
43
41
40
40
42
39
40
42
46
54
41
41
45
47
44
44
52
48
43
39
45
47
44
46
43
47
48
43
47
60
51
44
45
49
45
45
42
41
45
40
46
49
49
59
43
47
53
50
43
39
47
47
43
45
47
48
47
49
60
40
52
47
45
42
46
42
42
40
47
55
52
53
61
47
46
51
43
48
50
46
45
41
42
46
47
46
54
45
41
40
48
49
46
44
45
46
40
40
46
43
45
44
54
36
43
41
54
37
48
44
45
38
50
41
46
41
44
44
42
44
48
40
41
58
38
38
40
42
40
41
45
44
37
42
40
40
37
42
50
52
50
51
49
68
46
40
54
53
50
48
57
50
48
52
44
44
51
50
44
38
42
43
44
39
43
43
42
43
36
40
43
37
39
43
40
41
45
44
41
44
36
38
38
43
37
39
42
45
47
47
43
41
54
47
41
46
48
52
45
43
44
42
43
42
42
45
48
50
54
50
54
55
63
46
53
56
52
54
50
51
51
64
35
50
37
43
42
41
36
40
43
39
45
38
45
48
42
47
38
41
39
45
42
41
42
39
42
41
40
46
47
50
46
50
62
32
42
41
44
39
34
36
36
37
39
42
45
49
54
50
59
46
44
43
51
43
47
50
44
46
42
43
47
47
44
47
45
55
45
45
46
46
42
47
47
48
46
48
41
45
52
46
68
43
48
57
48
50
45
43
44
45
58
50
48
47
47
50
45
54
48
63
47
46
37
35
35
37
35
39
41
45
43
42
41
46
43
45
44
44
46
43
40
59
42
44
46
45
46
46
47
53
42
45
39
43
44
46
42
43
42
44
42
45
43
39
39
39
44
41
43
50
40
37
39
37
39
40
41
42
41
42
44
42
41
42
37
39
39
41
38
44
34
37
44
40
43
43
36
30
36
30
30
30
30
37
39
36
43
40
40
44
47
46
51
50
53
45
43
44
47
43
50
43
46
46
47
48
48
55
52
49
60
64
45
52
53
51
53
50
53
52
54
49
52
56
42
53
60
60
51
50
55
53
61
47
48
51
54
48
53
46
53
58
52
50
49
49
51
47
49
53
41
49
52
50
51
55
45
48
56
56
49
44
40
42
45
44
43
41
50
50
58
50
50
46
59
40
56
54
53
64
49
51
51
55
53
54
50
50
55
61
49
48
55
54
50
53
52
51
64
44
55
48
53
54
50
56
53
60
47
50
47
43
44
44
42
44
44
47
46
47
58
48
54
49
46
46
45
39
39
39
40
41
41
44
37
43
52
49
61
50
52
52
46
47
45
48
46
49
46
59
30
38
39
39
36
38
35
40
36
40
40
44
43
39
42
43
43
43
46
56
51
55
48
50
58
46
56
49
53
49
54
43
43
48
55
45
57
55
53
57
52
56
44
50
48
50
53
45
52
47
52
69
46
44
54
57
44
48
48
47
49
57
50
53
44
50
43
43
50
38
45
45
57
36
44
40
41
38
48
46
47
47
47
44
45
43
47
48
41
42
50
48
44
39
44
42
42
40
45
41
49
51
43
45
