56
50
66
51
45
87
62
53
55
50
40
39
50
29
42
73
45
59
43
50
51
47
47
48
47
46
37
32
32
32
32
35
34
35
35
41
37
35
38
32
43
53
56
49
45
41
37
32
40
36
38
48
42
43
34
31
62
39
45
44
46
36
34
40
39
43
42
43
45
40
52
38
43
42
42
45
51
40
41
36
42
48
43
52
46
34
39
38
43
45
40
37
41
37
41
43
44
52
60
58
40
41
39
47
47
42
43
44
56
45
42
40
41
44
41
40
38
44
51
39
37
39
48
57
43
50
48
40
46
53
43
38
41
39
39
41
47
50
42
45
44
39
42
51
37
38
39
41
43
35
47
48
43
50
49
42
40
45
46
63
89
38
49
29
32
31
35
31
32
36
31
31
33
32
31
37
38
40
41
42
38
39
42
42
38
36
32
48
44
43
45
46
46
47
58
56
44
44
57
55
50
56
57
56
48
54
48
55
49
51
48
70
63
58
39
33
31
32
32
41
52
57
48
44
45
45
45
50
44
47
50
50
59
40
44
48
65
36
52
49
44
44
39
46
42
50
48
49
46
47
54
72
59
48
51
55
60
65
43
50
49
46
61
62
48
47
42
44
52
50
50
46
50
47
52
48
46
44
51
61
48
57
53
54
56
60
61
59
64
50
42
52
55
51
50
49
54
51
51
54
50
57
60
62
51
52
54
60
55
59
55
64
82
59
51
57
59
57
50
56
57
53
50
45
48
47
51
47
47
50
63
52
54
49
43
49
41
50
43
39
47
45
44
53
45
47
52
50
41
42
41
46
50
59
54
62
48
57
48
51
48
63
44
65
57
54
62
41
50
49
51
57
64
49
52
50
55
45
50
53
53
56
57
55
60
63
57
53
43
45
47
45
48
58
56
60
69
48
58
51
40
57
50
53
40
58
49
60
43
68
55
46
42
40
53
44
48
43
43
53
47
50
45
48
50
49
43
55
35
47
38
45
42
43
42
45
45
47
50
45
44
41
54
63
45
49
43
42
37
37
53
53
42
44
41
46
47
46
51
50
45
68
51
38
46
48
56
51
52
50
46
44
49
45
47
39
44
46
46
42
42
44
44
43
50
56
56
56
47
48
52
52
43
45
49
52
44
35
52
39
44
41
43
42
43
46
46
45
48
45
45
56
48
69
62
44
52
51
42
43
44
48
42
40
51
49
48
49
48
47
55
54
61
59
63
49
51
52
55
48
42
52
56
53
44
57
57
55
38
32
37
37
40
38
42
46
45
45
55
48
47
45
50
45
45
77
44
47
42
45
49
42
42
45
40
42
42
43
49
42
46
44
44
48
44
42
41
40
48
43
46
47
50
44
43
38
44
42
35
42
41
43
42
46
47
41
45
41
43
40
42
44
43
44
37
44
44
58
53
40
35
39
45
46
43
40
42
54
68
68
49
46
50
47
48
47
51
50
44
51
45
46
47
51
54
51
50
53
50
50
49
34
43
46
47
43
45
41
45
42
43
42
44
59
36
45
47
71
44
51
48
46
49
53
49
50
45
51
51
41
43
40
40
42
48
53
51
43
49
50
50
48
46
50
46
52
48
53
47
52
53
51
50
45
62
40
47
49
55
57
51
55
60
58
47
47
49
45
69
53
53
52
49
51
46
44
57
55
56
53
64
57
48
51
53
58
54
58
53
62
59
57
54
56
56
72
48
53
51
52
53
57
63
48
47
42
46
45
42
60
45
58
55
59
55
49
59
66
44
48
44
43
47
37
44
52
54
55
57
49
49
47
44
46
45
45
46
44
44
49
40
44
50
50
55
46
50
58
40
63
61
55
46
56
60
47
52
46
51
50
57
57
53
61
53
63
58
52
84
43
54
50
56
51
54
56
58
45
50
48
55
55
50
51
52
57
56
55
56
61
53
50
48
47
55
54
57
46
44
52
56
64
51
42
50
56
58
54
46
49
49
47
62
49
53
60
73
51
55
61
46
68
49
43
44
45
46
47
44
44
49
45
43
44
42
50
47
40
43
47
57
32
48
33
45
38
43
36
48
57
39
46
44
41
45
41
49
43
49
46
48
46
44
48
49
43
50
72
48
45
47
45
69
42
50
48
46
42
50
49
50
47
49
54
56
49
47
50
53
51
50
44
47
48
43
45
45
41
46
52
51
50
55
56
42
69
40
44
38
60
45
39
44
37
45
38
42
44
51
40
42
37
39
42
46
44
46
42
48
46
46
45
41
47
47
64
38
42
49
66
40
41
49
45
47
43
47
42
41
51
48
41
42
40
44
43
43
45
52
59
37
40
42
44
51
33
43
55
49
45
43
50
51
43
48
43
43
42
49
44
45
41
50
40
38
47
52
45
53
53
42
40
45
42
51
36
46
44
44
51
42
45
42
55
48
43
50
57
48
46
63
56
45
45
50
49
43
48
62
43
45
42
46
54
48
43
44
55
52
60
39
43
44
48
47
41
40
47
48
50
48
44
49
42
46
44
50
63
37
42
51
45
47
41
46
54
41
48
47
48
50
47
45
51
44
52
48
52
86
41
45
50
52
44
48
43
43
43
47
44
42
45
43
51
41
40
44
41
55
50
44
38
50
45
47
55
37
59
36
47
47
50
55
42
44
53
46
50
57
55
45
51
52
59
55
49
50
69
50
46
48
49
55
47
42
53
50
52
51
54
48
53
53
45
42
50
57
45
57
57
57
44
45
53
45
50
51
49
46
45
43
43
46
52
58
66
62
43
50
52
49
51
48
54
52
42
72
39
50
49
48
56
56
40
47
52
52
48
49
54
44
45
43
45
50
43
47
44
52
60
49
55
44
45
55
43
47
46
47
49
45
45
45
45
42
46
49
52
41
45
42
42
47
46
52
59
52
44
45
40
42
42
51
50
55
57
51
55
60
43
60
59
53
62
51
56
52
52
45
47
47
46
61
39
42
49
50
47
43
57
43
43
41
41
44
41
45
47
42
40
45
47
42
43
42
40
63
40
43
39
47
44
59
48
52
54
55
50
43
51
46
49
45
45
48
46
45
45
47
50
47
51
60
57
56
66
60
47
50
61
50
41
55
51
46
45
52
46
53
50
43
40
57
35
72
50
43
48
55
43
54
35
49
42
33
48
46
52
44
58
38
57
48
48
51
40
48
40
53
40
42
51
40
37
38
38
38
46
53
53
60
58
53
49
42
52
50
48
45
51
52
50
44
51
60
58
56
42
45
52
44
47
55
48
47
49
48
61
49
46
55
65
44
52
49
51
55
51
57
54
49
58
52
68
42
46
50
55
52
58
54
54
53
63
53
53
64
52
49
45
39
36
38
43
64
50
46
45
52
43
45
50
46
48
47
51
45
46
47
49
48
52
79
50
48
48
42
44
44
50
52
42
48
45
49
41
43
48
43
42
44
45
42
43
48
43
43
46
47
37
41
41
41
44
47
43
68
58
40
46
43
40
41
44
40
42
40
46
36
47
44
45
44
33
41
26
33
33
33
35
40
44
40
46
51
48
51
50
44
52
55
52
52
49
50
49
43
45
49
52
47
54
56
54
55
54
57
63
67
49
57
57
51
56
55
55
55
58
60
55
50
52
57
50
60
47
53
56
57
64
64
51
60
49
51
52
63
46
59
57
65
53
61
47
57
51
48
47
49
50
66
50
53
53
50
50
68
56
51
47
41
54
48
44
46
40
53
54
51
50
50
53
51
48
58
56
62
52
55
53
60
50
58
53
58
59
50
65
54
66
53
54
57
55
57
53
54
53
50
62
62
64
50
62
63
56
55
53
64
51
54
51
68
40
46
44
53
46
48
54
48
52
50
54
51
50
50
40
42
44
43
41
45
50
43
49
59
60
50
57
52
56
54
49
45
53
51
48
53
48
46
50
42
52
57
42
41
38
45
43
39
40
53
38
46
43
45
45
43
48
50
57
56
54
56
57
59
61
57
60
51
55
60
49
43
53
47
55
72
61
62
53
55
49
56
60
43
52
57
52
55
56
59
55
79
51
59
54
49
48
49
52
53
64
51
54
50
46
50
44
42
41
46
50
44
45
45
46
41
47
48
50
50
57
62
48
42
52
47
49
