69
48
57
64
56
59
48
59
62
75
60
53
44
35
46
34
44
67
46
50
53
53
49
48
47
47
59
40
36
35
34
34
32
36
35
40
31
36
35
37
33
32
40
64
58
48
46
44
34
34
43
32
36
46
43
43
34
35
33
48
59
45
41
39
40
35
43
45
40
49
37
53
50
42
41
46
42
45
44
46
47
37
39
44
49
38
55
42
35
37
44
39
41
48
39
39
36
44
39
42
70
48
36
41
40
44
48
40
41
42
47
65
55
42
40
46
44
39
33
34
50
42
43
40
38
52
54
54
57
50
40
43
45
36
41
43
40
41
42
51
45
40
46
46
38
43
43
46
40
44
32
39
45
43
47
49
47
43
56
61
41
51
50
47
65
44
40
31
34
32
33
36
32
38
31
32
35
32
31
35
42
42
42
42
41
40
45
39
39
33
35
46
46
43
48
44
45
47
60
50
55
56
48
49
51
63
46
66
50
53
48
58
50
52
47
52
67
61
44
38
39
30
33
37
54
58
55
40
46
49
43
46
49
46
46
50
56
47
52
57
65
48
51
49
48
43
46
44
40
40
50
51
45
46
48
46
50
56
54
69
59
53
48
49
47
46
49
45
67
43
47
35
44
45
48
47
50
48
55
50
42
49
47
44
49
54
60
48
44
47
52
50
50
50
45
45
46
41
48
49
47
44
48
47
47
56
51
56
57
67
56
68
54
53
56
58
57
59
59
66
56
60
65
59
52
57
51
58
57
52
42
47
50
50
54
58
44
55
53
54
47
50
44
46
43
44
45
42
44
43
54
47
51
69
48
47
41
48
41
52
50
70
55
60
52
46
43
42
71
57
41
56
61
60
61
50
54
42
47
54
57
63
49
59
48
54
50
54
56
48
52
58
56
62
54
54
58
54
49
54
48
43
59
55
52
63
55
56
59
56
69
52
52
44
46
49
47
50
52
50
67
51
39
43
63
59
44
45
46
43
48
52
49
45
43
42
49
45
55
36
44
45
41
42
43
44
50
45
57
51
51
60
46
42
48
46
47
43
42
42
42
47
66
41
47
42
46
45
48
47
52
42
69
57
44
49
39
46
51
51
46
47
43
44
45
42
46
43
45
47
45
44
42
45
42
65
49
57
52
37
46
47
43
38
46
52
39
37
34
47
65
35
40
38
42
45
43
43
46
53
42
44
48
53
57
44
49
45
45
69
38
41
45
44
42
44
53
49
45
50
48
53
49
55
61
55
74
40
57
62
55
44
46
56
52
49
48
73
55
46
32
37
39
40
32
37
45
47
44
55
50
51
42
49
45
62
44
52
49
48
41
52
52
47
38
43
43
45
38
40
45
47
43
45
43
47
44
42
38
46
43
43
45
46
50
50
44
46
43
38
33
40
39
42
42
44
44
41
48
45
37
40
42
47
48
40
42
49
51
44
40
37
37
40
47
43
40
40
46
66
61
59
64
47
50
48
52
50
50
45
50
47
46
49
50
50
54
51
54
73
46
41
43
43
46
41
43
47
44
44
42
49
43
42
44
47
50
54
57
68
43
45
42
49
47
50
51
50
49
46
51
47
41
47
40
50
55
50
50
50
50
49
48
47
45
44
48
47
48
45
45
51
59
57
55
44
43
47
47
47
54
52
59
45
50
48
55
50
52
70
62
46
47
49
51
53
47
50
50
55
50
58
54
54
73
45
62
52
54
62
52
51
54
60
56
63
55
53
57
53
53
54
50
53
81
43
61
48
43
51
49
39
50
72
50
50
53
50
54
64
56
50
54
48
41
44
46
41
47
49
53
49
45
47
46
43
43
46
46
43
44
52
59
43
42
48
47
54
46
52
47
40
63
55
59
61
51
48
51
50
41
47
43
62
57
48
70
25
64
74
48
48
51
57
52
56
44
48
62
48
50
60
42
40
40
43
45
42
38
42
43
38
41
38
35
38
39
37
41
39
39
42
50
45
42
43
58
57
45
62
41
35
51
55
43
65
59
51
62
55
42
47
52
46
44
47
44
47
43
48
45
46
50
44
50
47
50
45
48
53
56
43
39
37
44
39
41
42
42
40
44
62
51
39
41
48
45
44
45
50
45
47
45
46
46
44
50
73
57
45
46
43
48
47
46
52
39
47
42
47
44
48
57
72
42
49
47
54
41
47
47
47
45
44
43
43
45
46
49
52
50
52
66
53
53
45
47
47
46
45
47
47
47
48
47
78
69
65
46
50
44
45
44
45
43
56
54
49
38
43
46
42
43
44
42
43
46
48
41
46
47
41
45
47
44
48
45
47
42
41
58
64
43
43
44
47
46
45
43
52
43
44
42
41
43
45
46
42
43
61
50
48
45
46
47
51
47
42
66
35
47
46
43
44
44
44
41
42
46
48
47
43
42
45
43
43
43
48
45
42
42
49
41
48
48
49
45
51
48
50
46
48
50
43
44
48
58
49
62
61
46
62
49
46
45
43
42
52
55
44
46
50
49
44
53
48
41
42
48
70
37
42
45
47
51
47
46
50
47
45
46
47
46
45
44
45
47
61
47
44
46
42
49
49
47
48
50
51
65
54
50
41
78
42
44
45
67
53
46
50
43
52
42
46
44
42
44
45
47
43
45
45
45
46
45
44
47
40
48
57
47
44
45
47
51
43
47
51
45
50
49
45
47
47
48
50
57
48
61
48
56
53
66
61
47
50
55
46
46
42
47
51
56
50
55
52
49
49
55
51
58
50
44
50
50
49
47
51
68
56
44
42
50
52
46
55
47
47
45
41
46
46
56
61
75
62
50
49
51
48
47
67
52
45
47
44
61
52
52
42
50
42
45
48
50
53
49
44
51
39
46
45
48
50
59
55
43
44
43
47
44
46
49
47
50
46
49
48
50
47
45
46
45
49
40
45
45
54
38
42
63
52
64
41
48
43
43
42
49
38
49
54
55
56
52
58
54
41
62
63
61
51
59
52
48
56
43
47
45
52
41
42
50
45
44
45
44
48
46
39
41
42
44
43
51
61
48
41
48
47
58
40
40
43
49
38
41
46
47
53
50
48
45
57
46
42
59
59
55
51
47
49
42
49
38
47
43
56
55
55
59
56
59
52
58
56
64
55
54
53
54
59
48
47
50
40
50
49
51
40
42
44
41
50
56
44
58
45
43
39
45
41
50
50
50
54
65
44
40
47
49
46
51
47
47
60
41
54
44
44
46
37
36
38
35
37
39
39
44
43
42
40
42
38
46
42
42
40
41
43
46
44
42
58
49
40
42
55
41
41
37
41
42
39
38
41
43
42
40
38
44
44
37
43
40
41
42
39
40
40
37
45
39
44
42
41
55
44
47
43
38
41
38
42
43
39
40
44
39
44
35
30
41
35
44
42
38
45
55
41
41
39
54
50
45
44
45
40
42
46
46
42
44
41
42
45
36
40
43
42
36
48
38
38
39
41
43
39
38
41
35
38
38
43
36
39
48
41
45
41
46
51
39
41
37
40
42
40
63
41
41
42
34
41
39
38
38
41
40
40
41
39
44
37
33
35
29
33
33
33
40
37
38
42
41
38
39
45
41
45
48
43
47
45
47
43
54
51
39
47
42
45
43
46
44
47
49
50
49
52
65
46
50
50
47
47
48
44
50
46
48
49
55
40
43
50
40
51
45
51
48
60
53
61
50
46
48
61
54
43
48
61
59
52
58
63
50
54
52
51
49
44
50
50
54
54
50
59
46
47
83
67
65
55
55
55
46
46
46
50
45
50
51
52
54
52
48
51
66
67
50
50
50
40
43
43
45
42
44
44
42
42
44
41
42
51
39
44
44
50
44
50
61
49
53
69
53
65
60
72
64
63
70
58
56
53
50
46
50
46
45
46
50
47
58
48
63
53
63
57
45
49
50
48
38
41
44
41
41
49
45
42
50
53
50
66
61
65
52
39
45
54
48
55
50
47
41
42
38
41
50
50
67
57
44
40
46
43
40
46
49
38
49
41
48
48
52
53
53
51
58
60
61
48
57
58
49
57
53
57
48
58
63
54
71
58
62
58
52
53
52
52
48
55
59
52
67
58
48
52
46
39
49
56
35
36
42
35
38
33
