70
43
42
50
44
50
56
65
61
57
59
48
44
51
45
47
47
44
39
42
46
47
45
47
68
33
42
50
43
47
48
52
49
52
53
54
54
61
54
53
50
55
58
54
64
51
58
56
63
59
73
62
55
56
70
51
54
61
51
62
57
60
62
58
55
62
51
57
55
55
60
65
56
59
61
61
78
55
59
60
61
54
54
52
53
52
49
64
59
53
61
51
51
55
48
49
64
63
63
56
50
53
44
68
40
50
50
49
48
56
50
49
52
48
50
58
44
40
42
41
44
52
60
55
59
53
56
57
53
61
46
52
48
59
52
50
59
47
58
55
62
64
47
56
57
56
75
64
55
55
51
55
51
69
44
56
52
54
50
50
61
54
52
55
47
54
52
42
60
51
73
40
50
51
49
52
52
55
51
60
58
56
50
56
58
58
52
50
71
60
58
40
44
44
80
48
44
36
45
44
49
41
47
51
55
60
62
46
51
48
44
50
50
53
49
59
40
45
46
67
33
45
43
48
47
55
47
52
56
54
57
49
54
43
46
43
43
55
56
53
75
72
57
60
48
50
64
58
56
61
50
49
55
61
50
54
58
56
54
55
54
56
50
59
71
63
52
47
46
48
59
51
55
57
49
48
53
59
44
48
55
53
51
62
49
54
48
54
74
53
58
54
58
53
54
49
54
53
58
50
60
52
52
56
57
46
53
51
55
58
57
55
62
56
61
52
52
48
51
55
54
52
60
53
59
53
47
65
53
60
53
58
51
54
55
81
55
60
62
55
65
53
53
53
52
61
48
55
52
57
51
61
57
54
65
57
58
56
60
52
55
50
60
47
45
48
50
58
45
61
44
56
49
64
53
62
51
60
55
60
62
60
65
75
56
60
60
63
60
67
50
48
51
55
61
56
56
54
50
58
56
57
64
66
54
63
68
63
66
53
43
50
38
43
57
60
57
54
50
59
67
50
52
45
49
55
61
53
55
55
72
53
55
48
52
49
54
58
70
46
55
52
53
52
54
48
53
52
52
52
55
45
57
48
51
52
51
50
54
72
37
51
42
41
58
51
55
52
56
52
58
48
48
52
56
52
53
65
50
74
52
63
51
49
53
47
53
57
62
50
52
54
52
68
42
54
60
55
53
56
52
55
54
47
57
61
52
49
58
75
58
50
50
51
53
51
56
49
53
44
48
50
54
49
54
42
53
62
61
63
56
54
47
56
59
63
50
52
55
54
50
58
53
62
51
57
57
60
54
55
60
53
56
57
51
76
46
57
53
50
58
53
54
51
51
58
55
53
61
64
57
56
47
60
77
56
60
58
59
62
53
57
54
59
60
54
54
56
60
67
52
57
53
59
53
54
50
54
55
61
58
70
57
51
53
46
57
45
51
52
55
47
55
56
52
59
67
42
52
53
60
76
51
50
54
53
62
53
61
49
58
54
53
55
52
48
57
55
48
50
52
60
47
57
46
53
53
58
54
42
55
60
50
56
57
53
52
63
47
51
45
53
54
58
49
55
52
44
42
68
56
51
53
54
45
52
49
54
58
56
60
57
74
47
51
52
52
49
60
47
56
57
51
56
60
66
52
58
55
51
60
52
49
60
55
63
57
61
70
50
53
55
57
62
53
61
71
58
54
58
46
55
56
52
52
48
56
51
58
50
53
55
56
52
56
53
51
49
55
54
61
44
75
39
55
48
48
50
61
54
54
59
55
56
59
59
61
66
55
54
65
62
58
56
58
55
55
57
82
52
54
45
52
56
59
58
62
58
57
63
53
59
53
56
54
51
57
58
54
68
62
50
60
59
50
59
58
54
54
56
50
57
74
54
55
56
58
54
52
52
58
60
50
56
50
54
60
51
66
57
69
63
60
53
64
56
63
58
53
66
49
50
47
53
58
59
62
54
58
57
60
61
69
56
65
61
60
63
55
61
63
60
60
57
59
73
46
60
61
53
55
53
58
53
60
65
70
57
51
58
62
59
60
63
57
61
55
57
62
59
63
54
55
50
57
51
71
51
56
58
55
52
64
57
64
61
58
68
65
57
58
60
49
53
52
51
51
51
49
52
64
56
51
67
56
52
60
55
52
57
53
54
60
61
63
60
45
55
56
55
56
60
53
55
52
57
52
82
73
62
55
57
57
57
54
60
62
54
65
59
45
54
45
48
50
52
52
53
67
71
63
57
36
40
52
44
58
48
50
49
49
54
50
53
46
44
56
44
46
47
48
77
49
39
46
64
51
45
53
45
51
55
41
43
48
53
38
51
46
53
48
42
44
57
50
43
49
45
43
44
47
47
50
46
85
72
46
48
56
55
58
57
54
53
55
51
46
55
53
51
54
72
56
44
52
54
54
70
67
67
41
49
44
47
46
47
57
53
50
47
49
55
48
54
56
48
50
45
44
46
47
51
70
67
46
52
51
50
54
51
62
41
51
55
54
50
54
51
55
48
57
52
48
73
45
56
49
52
50
54
48
51
44
47
47
46
52
45
50
50
49
62
61
50
57
53
55
54
62
49
47
71
52
59
56
49
50
49
52
69
44
52
50
53
52
51
50
56
48
54
50
50
54
57
54
44
55
54
53
51
55
59
50
46
60
53
57
53
58
52
55
52
58
56
64
57
62
61
59
70
81
58
59
71
49
61
59
62
50
53
50
50
57
52
56
71
46
55
54
51
60
55
53
51
58
53
52
55
61
66
58
57
60
63
61
67
62
56
56
52
62
55
54
56
55
56
56
51
51
46
59
54
63
60
70
78
69
66
56
60
60
62
83
68
69
49
48
61
61
53
57
62
57
56
60
69
61
65
52
54
51
48
46
50
48
48
48
55
46
50
45
43
43
49
48
51
46
67
55
52
55
68
79
54
61
51
54
52
51
52
55
74
55
59
46
56
53
53
56
53
54
46
62
54
53
57
52
59
44
53
49
47
49
48
54
50
53
58
55
56
59
60
58
53
57
52
54
51
57
51
83
61
56
58
50
61
68
60
60
60
57
56
61
61
59
70
59
59
65
58
62
60
66
63
50
44
68
51
53
59
51
52
54
58
65
64
55
61
61
56
49
51
50
53
46
45
53
81
63
61
54
50
60
47
44
54
47
58
43
50
49
49
59
55
57
53
52
54
55
45
50
59
53
69
63
51
55
50
54
57
52
54
57
44
50
47
52
64
44
51
57
45
61
52
62
48
55
55
88
45
47
46
52
45
48
48
50
53
54
56
61
43
49
45
48
52
47
46
48
49
51
71
44
52
54
62
52
53
54
54
51
57
48
46
48
48
44
71
41
50
47
50
53
57
48
57
73
59
51
44
55
47
50
54
43
52
52
51
70
46
53
55
57
54
48
47
53
57
52
53
56
51
57
64
60
49
64
54
56
50
53
50
53
48
57
59
58
50
54
56
58
49
63
54
52
75
52
54
49
52
54
51
52
52
52
52
51
52
55
57
58
61
44
45
55
53
53
53
58
55
57
48
56
52
53
57
50
60
47
52
54
48
56
58
56
60
56
58
65
56
57
50
52
66
62
50
61
53
54
58
55
65
59
64
62
57
56
54
63
53
66
63
63
71
46
44
46
42
41
42
45
53
54
65
53
54
59
48
62
53
58
56
52
64
51
44
61
65
52
60
55
51
57
64
63
48
58
57
48
52
55
59
61
64
54
59
61
65
56
61
68
69
57
66
55
60
71
56
66
52
56
69
56
49
47
63
49
57
58
62
62
67
61
60
63
58
61
65
52
66
55
68
57
62
56
62
59
58
58
65
47
43
50
44
55
65
62
61
66
60
67
59
62
53
58
35
37
64
63
60
38
57
55
54
77
46
76
75
56
48
50
54
49
50
52
59
55
59
81
65
46
45
54
53
47
54
54
48
56
52
42
52
52
48
50
57
55
55
57
51
54
50
51
57
50
58
55
58
54
66
44
51
51
50
48
51
49
60
54
55
53
51
55
50
56
67
74
51
60
74
51
53
60
60
54
53
56
58
56
51
62
51
60
62
68
56
51
57
49
56
56
52
46
55
43
48
46
46
47
48
52
56
53
58
50
61
62
48
50
49
50
50
52
46
84
41
44
50
48
44
