61
47
49
54
60
66
53
56
53
42
50
48
53
41
41
43
41
43
42
46
43
46
54
37
43
46
48
49
50
52
53
52
57
58
51
58
57
60
51
54
57
58
56
66
55
57
58
56
55
61
62
59
54
62
65
56
58
57
59
57
58
59
59
61
68
54
57
58
56
63
61
62
58
68
55
60
53
52
52
60
42
53
61
52
57
58
61
44
48
58
60
62
58
44
49
53
68
51
47
55
45
50
46
50
62
52
61
44
52
55
50
38
41
43
43
58
55
59
50
52
53
54
58
50
55
60
50
53
56
45
48
50
52
55
55
43
43
62
60
50
64
49
55
62
50
53
58
55
46
52
42
54
51
54
62
51
53
52
48
49
54
54
47
50
50
49
63
47
57
52
48
54
56
66
50
60
57
49
38
52
59
53
46
45
51
59
54
44
45
60
50
54
52
45
52
65
62
58
58
56
53
51
57
57
54
56
66
61
50
48
53
52
44
43
48
54
54
60
56
57
52
50
52
53
63
55
55
46
48
44
46
42
53
63
53
56
58
55
63
84
71
61
66
56
61
47
56
52
57
57
52
53
56
54
56
57
54
55
51
53
54
59
59
57
48
46
47
50
52
56
51
57
53
48
55
52
49
56
49
54
51
58
58
53
66
46
49
49
52
55
63
70
53
50
48
53
53
58
50
53
62
54
66
50
51
55
53
50
50
60
57
58
61
61
52
55
55
56
45
52
61
51
51
55
62
54
59
57
49
50
50
59
60
53
57
57
53
69
49
56
62
76
56
59
54
56
53
54
57
51
51
66
55
67
50
57
54
57
61
51
56
59
58
54
52
58
47
52
52
50
51
55
52
46
57
55
50
52
59
53
54
58
59
64
60
64
58
59
60
55
62
79
58
64
64
63
51
53
52
53
54
54
52
55
49
57
57
57
64
66
71
55
56
62
65
52
54
45
43
40
47
65
63
64
49
51
54
54
54
53
52
47
52
52
51
58
56
55
52
70
68
64
50
50
55
54
55
51
54
52
50
51
51
53
51
53
48
55
47
51
52
49
72
45
52
48
48
47
54
43
43
47
45
44
58
53
53
56
57
59
55
48
61
47
55
58
50
56
61
76
51
71
70
47
49
51
54
57
72
46
57
50
55
48
53
50
60
56
52
53
54
52
51
55
58
57
51
51
55
56
51
48
55
50
53
54
56
56
48
48
46
52
63
51
47
44
45
58
62
59
57
75
65
57
63
58
58
63
51
55
54
57
55
54
58
57
55
57
61
60
67
63
55
56
53
53
60
56
53
50
57
53
52
56
67
51
52
65
66
54
57
61
59
64
53
57
48
65
62
52
61
70
55
58
62
53
53
56
61
64
50
58
60
60
50
58
58
59
59
65
49
48
63
57
56
60
62
62
49
51
56
57
50
48
49
52
50
53
53
57
50
55
47
53
53
62
48
50
55
66
69
55
60
53
52
58
55
50
54
56
50
54
47
56
63
46
53
47
49
50
52
49
52
54
50
54
52
49
51
53
58
67
52
59
51
51
50
40
46
54
50
52
50
56
49
43
38
52
55
52
72
77
47
49
51
54
54
54
63
57
67
52
55
55
52
66
54
43
54
52
59
53
60
59
58
61
51
54
51
47
55
67
55
62
56
64
68
60
55
57
60
56
58
53
59
58
52
55
52
89
60
55
54
50
61
50
60
53
52
53
56
53
58
46
58
47
51
54
50
51
48
50
55
57
44
52
50
55
59
51
61
54
53
61
56
62
57
69
57
62
58
65
63
58
58
51
67
59
59
54
55
56
55
58
56
61
63
54
58
57
49
62
57
50
52
59
57
61
55
54
54
59
51
60
58
51
65
50
50
54
52
58
54
56
54
57
47
54
52
53
56
56
61
47
58
61
76
52
57
61
56
67
57
60
63
53
59
46
69
42
45
56
52
60
59
64
53
59
64
61
61
54
74
58
56
53
56
65
63
62
62
56
63
53
56
57
61
49
54
63
56
58
68
70
55
56
51
64
62
59
58
61
55
62
56
59
55
71
51
58
48
60
50
57
50
53
56
57
60
55
60
50
71
49
59
63
67
55
56
61
62
48
52
50
52
53
48
54
65
54
62
54
55
52
60
54
56
70
51
54
58
59
53
51
50
49
60
55
56
61
67
79
50
61
52
61
61
61
55
58
56
53
87
61
59
55
48
54
46
50
50
43
52
50
52
53
50
79
46
44
42
40
49
47
91
54
59
46
52
53
50
47
50
59
47
49
50
47
55
45
51
48
46
44
44
44
46
43
50
44
56
46
57
69
47
44
46
57
44
49
45
43
47
54
48
44
59
47
42
47
45
41
42
60
48
45
50
50
62
48
64
73
58
51
61
46
56
49
53
52
48
46
50
52
50
52
52
75
54
46
48
45
48
49
47
51
59
50
48
47
50
56
49
51
49
68
47
46
45
65
56
51
41
50
54
48
50
48
49
53
49
45
56
49
63
47
53
57
48
52
57
53
55
56
50
48
47
55
51
54
41
51
47
46
48
45
50
47
56
47
55
54
66
50
67
50
53
54
56
46
48
44
45
61
51
52
48
50
55
51
57
53
50
49
55
51
52
52
43
56
48
54
51
51
50
51
50
55
57
54
49
72
41
51
55
60
56
58
54
53
53
62
78
49
60
71
56
58
60
58
60
61
58
66
62
58
55
53
51
51
48
54
55
61
50
58
46
66
55
53
56
53
56
54
58
55
56
60
60
58
54
56
73
59
62
60
61
55
57
68
67
59
61
72
55
52
54
50
51
48
60
58
58
64
57
61
59
65
67
53
60
62
59
59
55
50
53
49
64
69
55
63
57
59
59
57
67
56
73
59
66
42
59
61
62
59
72
71
44
56
58
62
30
62
56
44
49
52
58
49
60
48
56
55
53
51
56
46
55
50
57
56
51
54
56
46
60
52
55
58
54
55
57
55
51
48
48
50
51
45
53
72
53
58
62
50
61
56
72
51
52
54
52
51
54
51
57
54
59
61
66
45
62
58
63
57
60
57
58
58
61
61
62
58
62
59
61
58
61
68
56
51
49
60
51
56
56
54
54
73
57
54
59
60
58
61
64
52
52
49
55
60
48
68
55
60
49
52
54
58
50
49
47
53
45
52
49
47
46
51
56
61
65
62
56
50
48
49
53
50
53
54
53
60
69
50
49
50
55
80
52
51
45
56
47
67
68
52
49
55
57
44
53
50
53
51
52
53
47
52
48
50
46
48
47
47
50
51
57
62
63
50
67
45
48
46
48
48
46
49
50
52
53
50
53
59
51
63
50
53
48
66
62
62
55
52
68
69
46
42
48
45
47
52
53
52
53
49
54
50
51
46
51
46
48
55
51
50
50
54
53
56
55
61
58
56
48
49
50
50
57
52
52
51
58
55
57
57
54
50
55
65
55
71
49
49
51
51
55
53
56
55
56
51
54
53
55
60
48
62
67
45
52
51
50
50
50
52
54
51
52
54
53
57
64
46
45
56
51
57
57
63
55
57
50
53
57
50
52
49
53
57
64
57
48
56
61
65
53
58
55
61
56
57
55
50
60
51
57
54
63
49
58
53
62
62
62
56
57
57
62
59
54
61
59
65
61
61
42
44
47
36
43
45
48
55
57
63
53
70
55
54
50
55
55
55
66
51
50
43
64
58
55
59
54
52
54
56
58
47
59
56
54
51
50
65
64
59
66
53
66
53
62
61
56
55
54
58
54
60
59
60
65
62
66
59
79
58
50
56
46
59
56
58
61
61
62
69
65
57
59
59
63
59
57
59
65
59
57
60
59
60
62
56
59
61
59
47
55
44
48
44
56
60
61
62
63
63
62
67
56
63
56
38
39
74
60
63
41
61
43
64
67
58
45
60
64
55
46
50
52
54
54
55
55
52
57
47
57
55
44
51
58
53
62
45
58
58
51
47
51
42
59
47
50
55
57
54
58
52
59
63
57
71
50
56
57
50
48
49
52
48
51
48
47
49
49
49
59
55
51
59
60
62
62
52
56
54
51
56
52
55
55
61
54
55
54
52
60
61
54
64
54
53
56
52
63
47
54
52
