60
50
45
34
39
35
31
30
29
31
31
30
30
31
32
29
31
43
43
39
40
40
42
41
40
47
43
57
43
44
40
45
53
40
41
45
42
41
61
38
40
38
41
46
41
41
45
42
41
48
39
40
51
53
50
49
52
53
48
52
52
53
60
50
52
52
45
52
51
54
54
65
40
40
42
44
42
45
42
47
44
45
45
46
51
47
53
49
51
47
53
54
52
51
50
61
43
59
53
53
52
51
60
50
54
58
52
55
50
51
54
59
54
50
40
41
41
43
45
32
49
47
61
53
52
50
47
44
44
47
48
53
68
49
51
46
45
59
48
51
48
64
49
39
43
47
39
42
45
45
47
48
47
48
48
47
66
73
56
55
47
48
50
45
43
51
43
41
43
45
47
65
56
46
47
49
46
45
47
44
48
51
52
52
76
40
45
40
47
41
39
43
42
39
40
43
36
42
46
42
50
41
42
36
34
52
40
39
44
43
45
42
42
42
42
43
43
41
39
40
42
41
42
41
40
39
40
43
39
42
41
43
39
37
83
35
42
39
45
45
43
43
42
40
42
49
41
38
42
40
38
38
42
47
47
49
58
45
60
57
32
36
35
31
37
33
36
36
38
34
39
34
42
50
50
52
48
68
63
47
50
49
52
48
49
47
48
49
66
54
35
35
35
39
35
32
35
38
38
38
34
40
40
41
34
38
42
43
44
41
35
38
36
37
37
36
59
46
34
45
43
41
39
37
41
35
35
34
38
41
45
50
34
47
48
47
45
43
53
57
42
42
58
46
41
44
42
47
40
40
40
41
42
42
46
45
44
47
68
39
47
45
40
41
39
48
49
47
44
48
50
47
69
38
36
35
33
36
34
35
39
43
45
45
45
44
40
42
41
38
40
48
47
50
44
51
72
40
42
47
45
44
53
44
45
47
54
50
47
73
49
47
47
55
36
38
51
40
42
57
54
72
75
47
47
49
49
50
43
48
38
49
47
47
61
46
45
41
41
41
51
43
42
42
46
44
46
45
46
45
43
45
46
43
44
47
49
65
47
47
44
45
38
35
35
38
38
40
43
46
47
43
40
45
28
30
38
38
40
41
37
42
56
46
43
43
43
37
39
38
42
33
40
38
36
36
40
41
34
44
37
35
37
41
41
39
44
41
41
54
42
53
61
49
49
45
42
40
43
36
36
39
41
49
47
59
41
38
43
40
41
42
37
38
41
50
43
43
48
49
47
51
59
58
41
44
45
52
52
55
45
47
47
47
48
48
49
49
56
55
56
56
49
52
55
55
52
55
51
42
40
59
43
52
52
53
55
53
51
53
50
56
50
53
54
52
49
52
52
55
48
69
48
48
55
51
52
53
53
50
52
76
47
53
52
50
53
54
52
49
49
72
46
53
44
47
50
45
46
43
40
46
48
51
68
40
42
43
44
44
48
46
44
45
42
38
47
46
48
37
37
46
51
61
41
54
45
49
40
39
37
56
35
44
39
42
50
51
46
53
52
48
53
65
50
52
52
55
47
38
56
44
50
50
48
50
46
46
54
58
46
48
51
51
48
47
46
49
49
48
63
52
45
57
50
42
47
42
45
41
39
42
66
47
37
42
44
45
41
43
45
41
45
49
47
69
37
45
47
56
49
42
43
43
43
44
49
51
48
51
46
45
47
54
46
76
43
46
42
41
41
43
41
52
39
42
46
42
40
47
45
44
42
62
46
49
48
55
40
33
42
44
51
52
40
45
39
69
51
48
42
50
41
39
39
48
45
42
41
37
38
37
38
43
70
43
30
38
41
47
43
43
54
47
47
39
40
31
56
51
37
39
41
36
38
39
35
46
46
46
41
46
40
36
45
62
52
46
50
50
44
45
43
43
45
44
42
43
49
56
59
46
45
41
37
39
37
40
50
40
44
45
46
50
44
48
45
68
39
47
44
44
42
42
46
41
42
49
49
45
42
43
42
44
43
63
41
39
41
39
39
44
42
40
41
38
44
43
52
50
52
51
70
37
42
40
44
44
39
50
47
48
42
43
49
48
53
51
45
47
44
36
32
45
43
40
47
54
49
47
45
65
58
42
53
46
50
50
49
45
46
48
51
44
52
77
60
54
45
38
46
49
48
50
45
42
51
46
37
38
58
63
36
35
40
55
43
41
37
39
40
33
38
37
40
39
37
36
37
36
39
42
40
40
41
40
40
46
36
66
53
33
41
42
45
41
43
41
43
42
43
45
41
39
38
44
42
54
46
46
40
43
38
35
33
68
47
34
37
40
36
42
42
36
38
35
35
39
42
41
38
38
36
34
37
38
39
42
49
38
35
56
41
30
37
38
40
41
39
40
38
34
36
35
42
41
51
44
45
39
40
37
42
42
42
38
36
41
40
40
38
40
70
33
40
42
40
40
46
42
40
41
37
39
39
41
39
35
37
42
41
39
41
41
45
74
38
46
40
40
41
40
41
43
43
51
41
42
34
36
36
40
39
35
42
47
43
38
39
61
42
37
40
44
43
40
38
44
39
42
41
42
40
44
36
36
45
41
51
51
37
35
42
39
41
39
37
33
35
45
36
43
47
41
46
51
54
43
41
50
44
47
51
46
45
35
48
49
66
39
36
48
40
45
33
50
43
37
52
48
55
49
44
42
40
44
34
47
56
41
44
48
47
50
51
40
35
37
36
68
35
36
35
48
55
51
47
50
37
36
38
34
39
37
36
50
64
41
52
52
42
47
44
42
45
44
50
36
41
59
45
52
51
48
45
43
50
46
45
36
32
35
39
39
37
64
32
52
44
45
46
45
39
40
37
36
35
38
42
49
46
43
40
39
38
39
50
31
54
43
39
41
41
46
39
38
44
45
36
40
44
45
47
50
42
47
68
36
52
48
45
46
52
63
51
52
50
61
54
50
56
52
52
48
56
50
66
50
46
40
43
54
46
45
48
44
50
40
48
36
56
47
44
48
42
47
57
51
48
52
47
45
46
47
53
44
48
42
43
42
44
44
46
45
42
51
54
51
52
55
51
51
63
48
52
48
43
52
51
51
45
51
51
54
54
53
52
52
49
54
50
37
41
38
47
54
57
57
53
52
54
56
52
39
62
34
48
46
46
41
49
49
47
46
55
47
54
65
47
53
46
45
46
50
52
48
54
47
45
50
41
47
57
53
52
52
64
30
56
50
50
55
51
50
54
55
61
51
44
47
45
44
43
42
39
43
47
40
44
47
46
41
44
50
52
53
68
42
50
56
54
53
46
41
39
54
70
48
45
40
53
50
48
50
53
61
51
53
44
47
47
39
40
48
43
39
46
51
48
41
66
36
39
44
45
47
46
43
41
44
49
50
48
49
42
45
55
41
50
48
48
49
44
48
48
45
44
47
47
46
54
48
48
50
50
50
50
47
48
48
55
50
47
47
44
35
64
47
44
40
41
57
50
50
58
50
47
42
51
52
56
48
52
48
52
39
42
39
60
57
48
40
44
54
52
47
57
50
50
62
45
56
53
51
48
51
51
70
40
51
50
53
56
52
53
53
45
64
47
47
45
45
56
67
55
41
43
58
55
61
48
52
52
52
48
42
58
49
53
44
42
39
40
47
52
51
51
48
47
50
70
42
46
52
50
42
48
42
40
40
35
56
62
53
54
42
53
45
57
52
52
59
55
57
57
56
69
47
56
50
49
48
51
51
68
42
52
55
44
43
46
44
46
49
45
40
60
44
47
40
47
44
50
49
52
47
55
47
43
46
43
39
39
42
43
40
46
39
61
36
41
44
45
41
47
44
46
51
58
52
46
42
41
46
52
55
53
50
47
42
41
41
45
49
38
50
36
53
53
50
43
52
38
43
43
51
55
55
48
50
41
60
40
42
36
44
37
42
38
46
53
75
50
55
52
51
42
47
46
51
52
46
59
51
50
52
35
33
32
34
34
32
35
33
34
41
42
43
43
50
49
63
46
47
48
51
48
48
50
49
47
57
51
50
50
47
50
48
46
52
50
68
51
52
49
53
48
54
51
54
49
47
54
73
43
40
42
44
44
50
51
47
52
48
44
58
50
52
44
43
44
46
43
43
44
44
42
50
33
37
