60
59
42
36
42
31
36
31
31
31
30
31
33
34
31
33
36
44
43
41
40
42
40
40
52
46
67
41
47
42
49
56
41
44
46
45
43
62
35
46
37
48
44
46
46
38
55
36
42
42
38
60
43
52
60
50
50
52
52
50
55
65
47
50
53
48
47
53
56
56
51
47
45
41
44
45
45
45
41
47
42
49
45
46
55
57
45
51
48
52
54
53
54
46
52
50
57
50
50
51
55
55
57
58
56
51
54
64
49
54
51
56
47
40
42
42
45
42
49
52
47
50
57
55
52
46
47
65
42
46
54
55
51
51
46
46
56
49
60
47
48
64
58
39
39
42
44
49
45
48
66
87
72
58
73
80
67
74
62
40
47
46
42
41
46
49
46
47
44
50
49
70
59
53
45
52
50
54
51
49
43
44
42
45
44
50
33
44
48
63
38
35
45
46
43
46
42
44
37
34
37
34
39
42
47
45
48
48
44
42
44
42
43
59
47
55
37
42
43
43
42
40
40
42
41
41
45
40
41
40
39
41
42
43
40
45
46
40
42
43
40
41
49
49
44
46
50
40
41
42
53
42
50
50
49
48
48
41
37
34
38
35
43
35
42
52
33
40
39
40
37
44
52
52
56
54
54
61
49
68
50
61
66
58
63
52
49
52
49
40
37
34
37
33
38
35
33
38
39
37
36
44
40
38
35
40
43
45
43
43
35
40
62
52
61
42
38
41
36
36
47
45
41
38
40
41
32
35
32
32
34
39
42
39
33
42
42
38
39
39
41
40
42
39
37
42
40
39
36
38
37
38
37
36
37
36
36
56
57
43
41
43
44
41
44
41
38
36
51
44
45
44
44
45
42
46
44
44
41
35
33
31
32
33
34
33
40
44
42
44
47
41
45
68
39
40
40
56
47
47
46
51
49
45
45
35
46
46
53
46
70
47
57
50
48
49
47
44
49
55
50
45
43
65
75
44
59
53
50
52
48
52
49
48
50
76
47
41
50
55
47
41
44
43
44
41
41
42
44
44
42
46
47
47
45
68
45
46
49
45
42
46
47
44
45
49
46
47
43
36
41
42
37
40
40
57
52
46
42
44
41
34
32
40
41
40
41
37
43
39
39
45
50
35
38
38
39
38
36
36
39
36
38
39
40
36
42
40
37
36
60
42
37
47
41
40
43
43
52
53
47
48
50
46
42
59
37
39
37
50
49
49
42
38
41
42
42
39
42
38
38
53
46
43
44
48
46
47
48
61
42
45
43
49
54
51
52
45
48
45
47
50
49
50
55
53
55
52
55
50
55
54
52
56
63
50
41
40
50
54
48
51
57
52
52
54
48
52
50
59
51
51
64
47
46
55
49
49
51
50
50
53
72
50
53
51
57
52
51
55
59
66
58
52
53
50
47
46
51
54
52
64
49
52
43
45
41
47
52
48
47
46
42
44
44
44
61
46
44
41
39
43
42
48
41
37
37
53
53
49
49
44
45
47
43
33
44
37
45
44
38
50
53
48
51
51
52
52
66
46
50
53
53
52
57
59
46
54
57
54
47
52
50
43
51
77
43
45
50
52
53
49
56
39
47
52
66
49
51
48
51
47
48
46
42
43
46
40
40
73
38
44
41
42
45
42
42
46
45
43
47
50
48
44
51
47
45
61
44
47
40
45
44
45
56
50
50
47
46
48
49
63
54
45
46
42
44
40
44
43
39
41
47
42
39
48
46
45
42
43
72
40
53
50
48
40
45
48
47
52
52
47
51
47
58
77
48
49
46
50
44
39
38
46
47
43
43
36
38
36
41
46
60
40
36
35
42
45
46
47
44
43
44
47
45
45
45
43
56
56
45
45
44
43
44
37
37
37
49
48
45
43
47
40
48
42
68
53
46
50
48
45
44
47
56
50
45
42
42
48
53
67
44
45
42
41
41
37
40
41
43
42
46
44
47
50
46
46
48
41
70
48
46
46
45
42
44
40
44
45
49
48
49
48
44
51
43
42
43
46
68
38
40
40
41
46
40
40
44
42
38
42
47
53
54
50
48
69
43
41
39
38
43
42
45
44
44
41
44
51
47
47
60
47
40
48
50
38
41
45
44
38
49
51
52
46
52
67
59
43
50
45
54
47
48
47
44
50
51
47
50
83
50
53
46
38
48
48
50
50
44
41
48
44
64
53
36
40
46
33
44
55
43
40
39
39
38
39
34
39
40
40
35
39
37
37
42
51
36
42
68
54
39
43
40
40
40
37
42
40
45
44
41
41
43
45
43
43
47
43
40
38
42
43
45
44
46
43
79
43
37
35
40
39
37
37
35
41
38
42
41
37
38
38
36
40
41
41
45
39
42
39
37
41
36
65
48
38
36
37
41
33
31
36
41
37
39
42
42
39
38
32
39
36
41
44
44
44
44
41
39
40
39
41
44
41
37
38
43
39
82
37
36
36
39
38
43
43
40
42
41
45
47
39
42
38
39
49
42
37
38
41
40
43
64
35
45
43
45
55
50
27
36
34
47
40
42
42
42
35
37
35
38
37
36
39
43
49
49
46
40
39
42
47
43
42
47
42
36
48
40
51
42
44
41
64
31
41
43
42
45
43
33
42
35
40
40
38
42
29
37
40
52
43
45
34
48
51
44
34
53
43
52
40
44
45
35
52
48
72
37
40
46
45
42
37
48
37
60
48
54
46
41
44
43
44
35
40
61
41
44
54
39
49
53
40
37
37
38
64
43
35
35
40
46
54
50
48
55
37
36
36
38
37
39
37
39
49
64
46
52
52
44
45
50
46
40
45
47
47
45
58
45
43
52
53
47
45
44
51
47
43
34
36
41
38
38
36
63
35
47
49
46
43
42
42
39
39
38
34
37
40
41
53
46
41
42
43
35
41
47
45
42
50
41
39
45
56
35
42
52
40
39
45
44
43
44
53
48
40
55
46
51
47
44
50
47
52
52
54
52
50
55
48
55
58
60
52
54
50
57
50
51
45
53
47
47
40
48
47
44
40
45
41
61
51
41
50
54
47
52
52
50
64
47
48
45
48
52
41
47
47
43
46
45
44
43
45
45
47
49
52
51
55
53
52
55
53
53
52
48
43
61
44
53
53
53
53
51
56
66
47
51
50
53
49
41
54
40
37
58
57
55
57
50
54
56
53
41
48
43
40
47
50
45
55
44
50
49
53
37
43
53
55
50
54
45
42
58
48
50
59
43
48
49
42
49
56
52
52
66
41
39
56
52
59
50
52
49
62
53
48
52
48
36
42
47
42
41
42
46
43
39
48
49
49
46
38
54
52
56
46
50
56
51
73
48
38
37
55
53
58
46
41
49
72
50
50
48
53
49
50
52
47
52
74
37
40
49
45
40
43
52
55
36
41
41
39
43
48
47
47
43
53
52
44
51
50
42
50
44
46
45
40
49
51
48
50
48
56
47
47
47
42
46
48
47
46
51
52
51
52
48
55
49
48
58
54
52
52
44
49
44
40
57
48
45
39
41
61
51
51
54
51
46
46
43
56
51
52
51
52
47
43
41
43
41
58
57
53
41
40
53
57
54
51
61
44
47
54
51
59
50
54
49
50
57
59
50
48
51
56
50
54
61
47
58
47
50
47
52
47
43
57
56
53
54
41
45
52
51
61
48
57
54
53
49
46
53
48
45
57
41
41
42
45
51
52
56
45
49
48
51
57
49
48
50
50
63
45
43
40
42
34
57
50
55
57
48
47
47
56
53
58
52
51
55
59
59
52
44
53
54
61
46
47
52
52
53
50
55
51
50
64
38
51
47
48
44
41
46
46
42
44
47
59
45
47
53
58
44
48
43
45
44
59
35
42
45
44
43
42
38
41
40
40
44
41
49
46
52
43
54
41
38
44
42
41
45
66
46
38
43
37
47
45
35
41
44
55
55
53
42
39
42
43
39
67
55
51
50
77
44
35
39
39
39
42
43
38
42
69
51
52
54
54
51
45
46
41
48
50
66
51
45
48
52
45
35
33
35
33
34
33
35
35
32
46
41
45
46
48
59
52
49
47
51
50
55
50
49
53
56
44
52
52
47
50
48
50
47
53
66
52
52
52
51
50
53
47
