55
58
42
35
41
32
34
30
30
30
32
30
31
34
30
31
35
41
42
42
40
41
40
46
45
47
65
41
44
46
45
53
47
40
44
46
42
40
56
43
42
35
48
44
43
44
43
43
45
43
41
38
46
47
53
61
49
50
51
54
51
52
52
58
50
51
52
46
51
55
52
50
50
44
40
52
42
47
42
49
39
47
43
45
53
54
45
49
48
51
55
51
53
52
62
44
55
46
52
51
54
58
53
53
55
54
53
65
47
51
53
55
53
41
41
38
47
43
48
46
45
49
51
58
50
43
44
59
45
46
53
52
49
49
47
49
53
48
63
52
40
45
41
38
39
39
44
44
49
52
53
46
47
85
52
50
52
53
42
54
44
46
48
58
58
42
45
46
48
45
46
48
48
54
33
39
43
50
51
64
61
42
44
41
42
44
41
39
43
39
41
35
35
42
42
41
48
44
57
35
34
32
38
37
43
45
41
41
42
39
45
40
41
40
37
39
39
40
42
38
37
37
42
38
68
41
42
37
35
40
40
41
41
43
40
41
42
42
39
47
37
38
41
40
36
33
54
45
47
48
46
74
55
45
40
34
32
37
31
35
34
34
38
34
37
40
34
35
51
50
53
65
57
51
48
51
50
52
51
46
45
49
63
55
51
45
35
33
36
32
35
35
33
37
38
38
37
42
38
36
38
39
47
44
43
38
38
36
37
71
39
38
36
37
36
50
36
41
35
41
36
42
37
37
36
42
44
49
36
46
48
47
44
62
49
45
45
44
42
44
44
43
42
42
41
54
38
41
40
41
45
45
48
43
55
53
44
48
40
42
46
44
48
48
45
46
44
47
65
36
36
38
35
33
35
35
44
43
45
44
46
42
44
43
39
36
40
46
52
43
48
64
52
50
42
46
44
52
49
43
48
51
52
48
75
46
47
47
54
42
44
38
46
44
52
54
60
69
49
44
40
46
46
45
40
47
44
45
47
35
37
57
39
39
38
41
50
39
44
46
57
43
47
43
43
43
46
44
43
60
51
53
33
36
35
38
36
41
41
51
39
43
42
44
33
33
38
39
65
34
35
37
33
39
70
29
34
30
35
33
34
33
39
35
32
36
45
34
30
35
44
39
43
40
44
41
42
43
56
51
67
48
42
40
43
38
39
38
33
57
50
47
39
40
45
56
35
42
40
38
35
49
45
43
45
49
50
60
42
50
47
47
42
50
56
50
47
45
56
50
48
47
48
51
52
54
56
52
56
51
52
58
55
55
52
45
41
38
53
49
52
60
54
52
50
55
59
49
47
53
54
60
51
48
53
53
56
52
52
49
49
49
50
58
70
46
52
55
57
51
53
56
55
50
72
51
49
47
52
51
51
52
53
48
64
38
41
42
48
50
47
47
44
42
45
41
45
47
47
45
40
63
35
44
45
44
34
39
53
52
50
45
46
41
49
44
37
40
58
43
43
39
46
49
53
50
50
50
48
57
57
51
53
50
53
50
49
57
47
54
55
55
49
49
50
44
51
78
42
47
47
53
53
50
46
48
46
48
63
54
52
48
49
54
42
45
45
43
45
43
46
41
68
39
42
42
42
43
43
42
45
45
42
47
50
45
44
40
47
46
36
70
42
46
35
46
43
46
53
52
47
47
47
46
49
49
67
54
47
45
43
44
41
44
43
42
35
42
44
38
46
59
41
38
66
46
46
49
51
47
39
45
46
49
55
48
49
49
49
50
82
39
47
47
49
41
37
44
44
44
40
42
37
36
37
39
56
52
38
35
39
42
45
46
46
44
42
43
47
45
44
44
51
50
55
49
48
42
43
40
39
38
34
41
49
49
45
42
45
43
39
42
51
64
46
48
50
47
45
47
43
44
47
43
42
44
47
48
79
48
45
43
40
38
38
39
39
42
40
45
44
48
47
45
56
48
43
63
43
46
45
44
43
44
39
45
45
45
48
48
49
41
45
42
43
42
44
63
42
40
41
39
41
41
40
41
40
40
42
46
53
49
54
52
69
45
37
43
36
39
41
41
51
49
48
48
42
52
50
61
39
44
44
52
37
41
41
45
41
45
48
50
49
51
43
91
34
51
46
48
51
48
43
47
47
52
44
49
69
76
47
47
36
45
48
49
47
47
38
46
48
34
38
72
45
43
35
51
49
42
38
44
36
35
37
38
40
37
37
35
37
36
40
40
38
39
42
40
79
41
38
38
41
38
38
41
45
41
43
40
44
42
43
45
45
38
38
39
46
36
45
46
43
40
63
50
31
43
39
33
36
37
38
42
41
39
37
36
36
36
42
42
40
36
36
38
36
40
38
39
42
66
41
38
38
37
31
38
39
41
41
41
41
37
37
36
35
36
44
43
45
44
43
41
39
38
50
42
43
41
35
41
40
38
38
70
42
37
38
41
43
39
41
43
44
38
39
40
40
37
41
40
36
37
40
40
42
42
40
45
61
45
47
39
39
40
40
42
42
42
39
42
40
35
35
36
39
42
40
39
46
43
38
42
37
73
36
48
38
42
46
42
37
44
41
41
42
45
39
42
39
35
43
44
42
57
41
35
37
42
42
38
39
36
33
36
40
43
47
40
38
46
53
56
35
50
41
57
43
48
46
34
43
48
70
43
34
50
42
40
37
43
48
40
55
43
50
52
44
46
42
38
41
40
59
46
45
43
49
46
52
47
39
37
36
50
55
37
35
34
42
52
52
49
52
44
41
35
38
34
41
36
36
47
67
44
51
50
44
44
46
44
41
44
48
39
40
66
39
49
52
52
46
41
50
46
44
33
35
35
39
39
40
59
35
45
50
40
39
43
40
45
36
36
36
47
38
38
51
47
43
43
41
38
49
39
30
50
42
53
35
40
43
41
40
41
39
42
37
40
46
47
51
48
45
47
52
43
51
49
43
45
52
52
64
46
50
48
56
50
55
56
50
50
66
53
54
50
51
45
33
51
50
58
40
47
45
42
43
41
44
54
45
61
42
48
45
50
52
47
47
49
43
65
42
46
48
47
44
39
44
52
39
45
42
45
48
51
53
51
52
55
52
50
69
51
66
40
48
49
51
57
50
62
51
51
56
64
47
49
51
51
50
44
47
39
38
47
55
54
53
64
48
55
58
50
42
49
43
40
46
51
43
64
44
47
47
46
49
44
56
56
51
53
50
50
44
47
52
50
52
50
50
45
47
47
49
53
52
52
59
47
40
52
51
47
57
51
50
50
63
50
56
48
47
44
46
42
45
44
54
35
36
48
40
46
46
48
43
41
53
52
50
51
47
55
59
73
48
41
38
50
51
55
50
41
42
76
50
50
49
50
51
49
50
46
49
74
33
40
44
47
39
41
52
50
44
40
44
37
42
45
47
46
47
41
63
31
50
49
41
51
44
42
44
42
45
56
46
48
49
57
44
49
44
42
46
46
45
46
52
58
44
49
51
48
49
49
47
47
62
56
45
48
43
42
48
56
47
40
38
53
55
54
60
58
52
44
43
57
49
50
52
53
46
43
39
45
47
58
64
59
41
38
56
54
48
53
51
51
48
52
64
57
50
51
50
50
50
59
47
52
60
52
50
58
52
53
54
47
49
52
51
52
46
66
50
52
50
36
50
52
51
65
56
53
54
55
41
54
45
46
44
56
44
48
43
58
48
48
47
49
59
54
50
46
51
66
41
46
42
40
40
37
51
52
55
52
57
48
56
54
54
54
51
52
57
57
58
54
65
62
49
49
57
44
53
63
48
49
59
57
64
45
43
49
46
47
41
43
52
32
40
49
59
45
52
45
48
42
46
45
46
46
53
45
45
44
42
42
42
41
45
42
46
49
41
43
44
56
53
57
43
40
46
54
53
52
52
44
46
42
43
54
48
37
38
44
51
55
44
50
48
39
41
44
54
57
49
56
44
44
51
50
42
41
38
42
39
45
53
56
49
62
62
39
41
46
48
48
47
49
46
57
48
34
40
41
50
32
35
33
35
36
43
40
45
49
50
51
51
49
49
50
50
47
61
55
51
48
53
48
48
47
51
49
50
57
66
53
50
51
51
60
43
49
53
47
51
54
64
49
41
42
44
47
47
54
50
49
