58
57
61
39
35
43
25
30
31
34
32
29
34
37
29
30
31
29
39
33
30
29
31
32
33
31
29
30
33
30
30
35
27
31
34
39
42
40
41
42
40
48
66
36
45
41
42
39
55
38
40
40
40
43
39
41
51
42
42
40
39
41
41
54
40
38
41
60
43
42
41
41
44
43
46
46
43
45
46
49
46
47
45
67
45
53
50
48
49
50
45
44
43
47
56
41
38
42
43
35
41
37
42
43
42
49
44
45
46
42
44
40
44
50
41
38
35
37
37
45
51
42
49
45
47
49
49
52
52
52
48
50
40
39
46
45
41
40
51
53
52
52
55
43
43
42
65
46
58
55
60
53
35
44
40
40
37
45
48
41
43
39
46
40
41
44
40
58
42
38
42
47
50
37
40
38
39
41
37
37
34
36
33
34
33
38
33
39
40
51
45
44
46
43
47
44
44
47
38
39
35
38
40
36
35
40
31
41
36
51
52
50
51
52
52
63
50
57
52
52
57
50
55
53
63
38
50
45
51
51
51
45
47
46
55
44
42
46
45
42
51
54
52
55
50
42
42
38
50
40
46
48
46
51
54
56
52
52
59
45
57
45
45
46
46
46
46
47
47
48
42
60
37
48
51
50
50
52
51
49
48
43
33
34
37
73
32
42
42
39
35
35
34
44
46
43
44
44
45
50
54
48
50
46
71
47
41
39
41
43
42
60
32
36
40
32
41
40
45
43
40
44
40
43
37
47
50
58
42
38
43
39
39
41
41
43
37
41
34
44
38
36
37
41
40
41
39
41
76
38
43
42
40
35
40
40
37
41
37
42
40
40
47
41
40
43
37
40
70
47
42
43
40
38
41
42
38
40
40
36
49
44
47
47
45
47
45
50
66
46
47
49
48
45
50
44
48
46
47
44
36
39
31
37
35
33
39
56
36
36
33
37
39
49
51
46
45
43
47
45
46
47
43
47
45
45
46
42
59
47
40
41
40
38
38
34
32
31
35
30
30
39
38
54
39
42
40
37
47
42
36
43
40
44
59
32
42
51
38
37
39
42
38
40
54
39
38
41
44
45
44
61
42
47
50
48
51
50
50
56
51
50
52
43
61
39
43
47
43
46
36
38
46
44
40
48
46
43
41
57
47
37
40
35
37
38
46
48
45
40
38
45
44
40
42
54
37
44
51
41
43
53
45
40
45
46
46
43
47
39
49
56
45
44
35
36
35
33
37
40
33
43
34
41
42
53
51
40
39
61
29
44
45
45
52
45
45
38
38
35
42
56
50
38
42
45
45
60
45
46
43
40
44
44
43
42
53
38
35
46
51
45
49
41
46
44
40
52
68
36
44
43
47
37
50
48
50
52
49
50
71
42
47
42
39
44
44
46
46
46
42
45
45
44
46
49
52
63
55
51
46
49
44
42
40
42
39
36
44
40
43
40
38
47
46
38
40
42
40
39
38
39
37
38
40
38
40
47
49
46
46
43
41
52
35
39
35
42
33
46
48
44
41
45
36
38
36
44
43
48
63
39
43
53
44
47
46
45
48
44
43
49
45
45
48
44
46
48
48
43
62
41
51
47
47
46
50
50
51
52
52
53
49
55
53
52
56
49
50
57
52
50
41
67
38
48
41
44
50
50
52
66
50
58
63
63
53
50
54
51
52
48
52
50
46
46
48
46
37
39
38
40
40
42
41
44
50
49
45
43
47
46
46
45
54
53
54
50
53
56
51
54
52
50
66
44
49
46
47
42
43
41
45
48
43
42
48
59
43
41
47
43
38
43
39
44
47
46
42
41
41
60
44
41
42
43
40
43
39
38
39
36
41
39
44
39
45
47
59
32
39
37
38
38
43
41
37
37
41
38
39
41
33
49
45
42
39
37
51
40
50
52
44
44
47
40
42
41
42
36
40
39
38
38
39
42
45
50
54
44
46
46
46
50
48
47
43
45
47
42
44
46
44
43
56
48
56
43
47
42
41
36
38
38
43
54
46
55
46
55
40
43
50
44
44
44
41
44
45
46
42
45
51
45
47
58
54
43
47
49
49
42
43
40
36
50
43
45
51
62
61
46
42
42
46
44
46
45
43
45
45
45
44
40
48
48
45
68
58
42
47
44
40
42
41
40
41
42
46
43
39
44
40
39
42
44
71
47
47
41
47
41
44
42
38
38
48
45
59
52
41
37
38
40
42
67
29
37
46
38
33
34
32
32
35
30
33
31
44
46
40
42
37
36
33
33
36
30
43
44
48
47
63
43
47
47
45
35
34
33
36
39
39
43
41
45
38
41
38
45
42
57
42
48
47
49
47
37
35
46
45
51
52
54
50
59
37
45
39
42
49
40
32
34
38
39
40
37
40
37
39
40
59
33
41
41
41
39
40
38
42
37
38
44
44
39
35
42
41
46
38
35
41
45
45
42
41
49
41
40
40
44
40
39
44
43
55
52
37
42
45
38
52
42
44
52
48
46
39
44
41
39
46
61
34
55
39
46
36
38
49
52
45
48
42
39
52
47
65
27
47
51
58
47
59
53
51
50
49
53
66
41
44
38
43
37
36
38
45
44
38
38
42
55
45
56
37
43
50
57
44
43
38
43
40
43
46
40
37
60
34
50
51
55
54
54
39
37
33
50
59
47
54
51
48
47
51
54
53
50
49
45
66
38
53
57
53
51
56
51
43
44
53
50
41
43
39
35
55
47
50
47
44
48
41
45
53
42
45
42
42
45
45
42
47
44
44
43
41
60
39
45
45
45
43
44
38
39
38
41
39
36
41
51
42
47
41
54
48
40
44
38
40
45
48
50
63
53
56
41
31
34
36
34
32
32
38
49
52
45
37
37
34
44
56
39
40
36
36
38
38
40
32
37
33
41
36
37
38
35
38
35
44
43
42
37
43
47
46
43
36
43
38
39
43
37
49
56
47
52
59
46
45
50
45
42
40
37
34
39
43
43
43
42
38
36
38
51
39
36
35
44
41
39
39
40
44
41
45
44
43
43
56
53
40
46
36
42
42
41
44
40
43
45
44
52
59
35
46
42
41
39
38
38
38
39
43
40
40
42
42
41
43
43
63
38
42
43
44
43
41
36
41
40
41
42
49
47
50
59
48
48
51
42
45
41
48
36
54
45
56
39
45
47
50
50
42
46
45
45
56
42
51
51
41
40
43
40
42
45
40
44
44
46
45
47
58
42
46
46
43
45
41
43
43
42
44
46
43
45
63
38
41
43
36
47
40
47
40
43
45
49
45
53
46
46
40
42
38
39
41
45
44
37
40
46
53
52
62
38
41
44
48
40
45
53
51
48
54
50
66
40
47
45
46
41
37
40
41
45
38
40
39
46
41
69
34
35
42
44
37
41
40
36
41
52
49
47
50
46
60
48
63
40
42
43
44
51
50
60
45
42
47
43
50
40
44
47
47
43
44
40
37
42
40
47
51
47
50
50
50
61
47
51
52
51
48
49
43
44
46
61
44
44
41
39
39
46
47
43
48
43
42
48
53
42
53
46
42
42
46
41
44
43
42
49
46
47
42
37
32
39
63
33
35
35
41
33
43
42
43
41
41
39
42
42
43
48
37
68
42
41
46
46
41
41
38
40
41
40
38
35
48
41
39
43
70
51
37
41
35
35
40
36
38
38
42
41
47
46
42
46
44
47
44
42
46
72
39
46
40
44
45
47
37
33
38
39
42
40
42
46
43
45
44
47
46
62
38
38
35
35
35
37
43
50
43
45
51
37
37
44
44
41
44
44
41
43
40
35
69
35
41
42
43
43
36
36
38
40
39
39
47
41
42
36
37
31
39
37
34
36
36
56
39
41
45
46
47
52
41
27
37
25
36
45
41
38
45
43
42
48
32
33
39
44
47
51
46
51
43
50
51
48
45
70
42
47
45
44
45
46
47
50
51
43
43
43
49
48
30
48
44
48
44
42
53
43
45
54
56
36
38
39
39
42
44
53
42
46
53
35
50
46
49
53
63
30
41
40
47
57
43
51
42
37
42
44
66
34
45
42
49
42
47
47
42
40
42
41
44
41
47
64
41
51
49
51
46
42
40
36
38
39
35
49
36
71
44
50
