61
54
45
50
37
38
31
29
29
37
32
30
32
35
34
28
29
30
33
32
30
31
28
29
33
30
30
29
30
30
30
33
30
29
32
36
38
41
41
41
39
45
63
40
43
40
50
31
50
39
43
36
40
39
40
48
40
38
42
39
39
40
41
61
33
40
39
42
40
40
42
44
41
43
46
44
41
45
50
42
46
49
51
48
54
46
48
48
47
47
45
40
42
63
29
37
41
42
40
41
43
41
40
48
46
44
41
44
39
41
43
50
38
37
34
37
32
43
43
49
43
45
44
49
47
51
50
68
38
40
42
40
37
40
35
50
47
50
53
52
48
48
40
45
48
44
48
40
44
35
44
43
40
53
42
39
40
39
42
42
41
44
44
39
39
37
36
60
32
51
45
51
45
53
50
44
49
60
32
43
41
48
38
42
46
52
53
46
50
52
56
51
35
42
39
40
39
45
43
39
38
46
55
40
38
40
52
54
54
39
54
50
51
50
52
52
59
51
53
43
45
44
47
51
49
58
48
46
44
44
45
45
43
42
42
52
51
53
54
63
36
40
37
42
38
47
45
46
53
54
52
57
50
49
46
46
47
44
45
45
49
46
44
49
61
33
40
50
48
50
48
51
52
48
47
67
33
37
36
41
38
41
39
33
35
32
43
44
42
41
44
42
49
82
45
45
43
45
34
38
42
42
49
41
36
36
36
36
35
57
45
39
42
42
40
38
38
38
42
38
41
39
41
39
38
42
41
40
36
61
44
38
36
39
37
40
37
41
39
42
38
40
43
42
33
36
39
39
40
61
46
36
50
41
38
38
39
39
39
38
39
42
40
40
35
43
40
39
36
42
37
68
49
46
45
46
42
48
45
45
47
45
43
49
44
46
48
45
45
71
33
39
31
34
34
33
41
30
38
32
34
39
45
51
42
43
45
44
43
45
45
47
68
37
46
43
44
43
43
42
41
40
39
38
38
33
32
28
31
29
31
36
38
44
42
38
40
54
38
47
36
41
45
35
36
43
39
43
42
38
43
42
35
47
43
47
28
39
46
40
37
46
46
47
48
46
50
48
49
52
70
43
47
39
39
45
40
47
43
43
35
39
43
43
41
64
43
39
45
51
39
39
35
37
38
41
47
42
42
41
34
39
47
48
42
40
40
40
47
42
47
44
40
44
47
44
45
50
45
45
39
46
38
36
36
31
35
37
34
41
33
41
39
60
46
41
39
39
38
40
44
49
50
41
52
43
54
33
50
41
38
44
48
41
53
47
41
43
42
61
32
41
44
42
34
38
46
47
50
44
41
42
48
49
53
44
41
44
45
38
46
51
49
47
52
49
50
45
41
40
62
46
45
43
48
41
44
46
45
46
45
48
56
48
46
45
63
51
37
41
37
40
39
41
38
41
39
36
36
39
38
43
38
40
38
36
37
50
37
36
38
47
48
47
44
39
40
39
36
37
35
43
34
44
50
41
37
41
35
35
39
54
48
46
43
45
45
44
43
45
47
44
45
44
53
43
45
45
48
46
45
46
46
48
48
49
44
46
47
47
67
46
53
50
48
46
50
53
51
52
56
51
52
48
52
46
48
37
38
52
51
47
50
49
53
58
53
52
45
42
60
38
43
38
50
39
38
34
39
37
40
38
38
46
43
48
52
44
45
43
47
41
42
47
52
51
56
56
49
50
56
51
47
49
49
46
44
44
46
69
31
46
43
40
48
46
39
40
45
41
43
38
59
41
47
39
44
41
40
41
40
37
41
42
38
43
40
40
50
40
38
37
37
38
44
46
40
34
40
41
41
39
41
39
39
38
38
36
61
34
47
37
42
40
37
37
38
38
52
47
44
45
40
44
40
59
33
40
36
36
34
37
41
40
46
42
46
44
47
47
47
47
47
58
36
47
40
43
43
68
41
43
50
50
49
46
44
36
36
44
46
42
45
43
49
45
43
37
41
46
42
44
41
42
46
50
41
45
42
51
44
48
46
43
43
46
51
46
42
44
38
38
51
43
51
44
43
47
47
43
41
44
48
70
52
44
47
43
53
50
43
49
53
46
45
46
47
45
42
42
38
41
41
38
41
47
41
41
61
45
42
40
45
50
50
46
40
42
42
43
41
38
37
47
44
46
63
34
41
39
42
38
39
37
44
45
37
34
31
33
30
30
30
41
34
30
43
39
40
38
34
33
34
48
36
44
44
48
45
46
45
45
45
36
33
33
33
37
38
41
43
43
49
39
42
45
35
45
47
44
45
47
42
33
45
46
63
46
51
51
44
35
41
42
50
37
35
33
31
68
30
39
37
40
35
38
38
42
44
36
40
38
39
40
36
37
36
67
29
36
42
38
35
36
35
42
48
40
42
40
46
40
37
43
49
43
48
40
49
41
38
42
39
47
43
39
45
47
50
43
60
32
39
41
43
42
39
47
44
41
32
45
45
51
47
44
39
51
44
39
39
42
51
47
56
49
51
65
46
45
48
46
45
39
43
33
40
37
42
42
43
46
44
44
39
39
42
48
53
40
40
44
42
43
40
42
34
41
39
48
45
58
54
52
36
33
40
48
48
48
50
44
46
49
53
45
52
47
42
59
41
55
55
52
52
53
48
42
45
56
44
38
36
39
41
50
51
44
44
43
41
46
44
44
45
43
41
43
42
41
44
47
41
40
41
51
43
41
49
40
42
40
41
37
40
38
39
39
49
43
43
41
50
46
31
42
35
45
37
48
43
63
50
50
32
33
31
35
32
32
33
49
50
47
31
38
32
40
55
41
37
35
38
38
37
34
34
42
31
36
36
34
36
38
36
36
44
39
39
43
44
45
43
36
42
37
38
41
43
52
48
47
64
41
46
45
48
38
41
35
30
40
42
42
42
35
37
36
51
31
35
31
48
34
42
39
32
46
42
41
43
43
53
47
39
46
38
40
40
43
42
38
42
40
47
53
46
41
47
37
40
46
39
40
35
43
39
43
40
40
41
40
47
42
50
42
44
38
45
41
40
37
36
41
39
54
38
48
66
48
42
45
46
37
43
42
47
49
50
37
44
45
45
47
44
44
41
53
45
57
33
43
42
41
41
41
40
42
45
43
44
46
47
52
39
45
38
41
44
40
43
38
45
44
39
45
45
48
37
39
34
45
39
41
46
42
47
43
48
53
39
45
37
40
36
40
43
42
38
35
41
50
48
46
51
42
44
40
47
40
45
53
45
51
50
56
46
44
49
42
42
36
39
40
40
39
39
39
41
42
54
43
38
44
40
38
38
40
32
41
47
46
50
46
45
52
60
41
41
43
40
47
48
52
49
38
40
38
46
39
48
45
41
52
35
36
41
40
44
52
45
59
41
54
46
53
50
54
43
44
47
43
45
54
40
43
38
43
35
48
45
42
46
42
45
52
39
41
57
52
39
41
45
41
46
42
44
46
45
40
38
30
40
55
37
37
35
37
32
42
44
38
41
38
40
40
40
43
44
50
53
40
43
45
39
43
37
38
39
38
39
36
44
45
33
51
67
43
37
33
37
36
37
37
35
37
43
45
45
42
45
45
45
41
43
43
77
34
44
41
38
49
41
36
36
41
39
39
38
44
43
47
41
45
45
57
44
36
34
33
35
35
43
47
45
51
41
46
35
44
39
44
44
41
40
43
35
50
40
43
39
42
38
39
35
36
39
36
37
40
42
41
34
34
33
36
37
32
36
36
66
33
40
42
47
52
46
36
36
33
32
37
46
41
41
50
48
45
57
37
34
36
35
46
46
50
49
47
44
48
53
46
52
47
53
49
46
45
46
44
43
50
47
49
45
42
44
58
35
44
39
46
44
43
51
41
42
45
45
48
45
34
38
36
39
50
42
41
42
45
50
40
47
47
67
50
59
30
42
36
41
50
56
46
43
43
35
42
46
40
53
40
43
46
42
41
45
46
45
42
40
40
41
42
57
50
49
48
48
52
49
36
38
36
40
47
37
37
43
64
47
52
46
50
48
39
38
36
41
44
41
45
52
34
42
40
44
42
36
46
50
46
45
45
48
49
47
50
45
47
37
41
50
45
46
45
47
49
58
46
44
38
42
43
46
52
40
42
49
41
