40
40
46
51
45
45
51
59
56
59
56
52
55
42
50
49
35
46
54
47
43
39
35
35
38
36
39
36
44
42
45
41
41
45
48
55
46
36
40
30
35
33
38
39
35
43
40
33
32
34
48
57
59
52
59
70
56
51
50
57
55
60
50
54
55
65
60
49
53
48
40
38
39
38
37
40
41
39
46
44
44
44
46
46
44
43
51
43
43
43
46
41
42
44
42
39
38
49
35
43
42
58
44
43
49
48
50
51
66
46
55
50
49
45
47
47
47
49
48
50
50
46
54
56
50
59
46
50
52
52
47
55
60
47
47
47
52
51
56
55
51
37
43
48
47
48
51
52
46
46
49
52
53
47
50
48
46
53
53
44
46
58
44
45
42
40
43
45
46
43
45
50
51
55
63
48
59
53
50
52
52
50
47
50
49
49
50
41
43
61
42
43
42
45
53
45
41
57
58
49
46
48
50
47
60
26
30
32
35
30
30
32
37
33
51
47
43
53
55
55
54
52
52
54
56
56
55
53
52
62
56
57
55
53
56
55
53
55
55
52
58
56
56
55
50
61
56
57
52
57
50
58
54
55
55
57
53
54
52
56
54
51
69
50
53
52
51
52
53
50
59
50
59
52
57
51
47
55
45
51
59
69
51
50
49
42
55
56
53
59
54
67
46
61
42
47
41
46
41
45
47
46
41
42
43
45
47
54
59
46
34
44
53
41
50
50
45
49
45
48
43
50
56
47
53
64
54
53
57
49
51
50
50
50
56
55
55
77
48
47
48
49
52
51
44
48
44
48
45
51
38
44
72
48
45
50
47
46
50
49
47
48
48
62
33
35
37
40
46
47
66
50
50
48
49
45
52
48
47
42
47
46
52
47
44
50
44
50
44
63
44
44
41
43
44
52
48
54
47
37
44
38
51
47
44
42
38
55
57
48
50
43
44
47
53
51
49
49
47
50
45
47
44
43
49
45
42
42
63
47
46
46
47
47
47
49
47
50
46
48
46
47
44
45
52
46
59
47
40
47
43
42
49
49
46
39
46
46
45
48
54
46
47
42
41
35
50
42
45
43
40
36
38
37
36
45
52
57
55
55
59
51
48
58
47
54
43
36
49
51
50
53
55
55
48
52
48
50
59
52
47
50
45
52
47
53
50
52
49
52
52
58
68
43
52
51
45
54
54
52
51
45
47
45
45
46
60
48
44
51
66
38
47
45
44
41
45
40
48
47
45
44
45
50
48
41
45
50
41
50
42
47
38
41
48
45
41
49
49
41
48
54
50
51
41
45
54
51
65
48
46
51
53
47
49
46
43
47
44
39
45
42
43
42
44
50
49
51
61
51
54
54
53
54
56
50
56
51
58
55
56
54
57
56
48
52
51
52
53
52
52
52
49
53
52
47
46
48
41
46
43
44
46
59
43
45
41
41
46
53
51
55
52
52
47
46
49
54
62
44
44
48
52
52
54
56
58
54
47
52
51
49
54
50
47
49
50
50
48
48
48
47
49
53
50
49
47
48
50
59
59
45
51
47
48
49
52
53
63
59
55
55
61
52
46
56
53
59
58
48
52
54
57
56
58
53
50
50
45
47
47
46
50
55
66
52
54
52
62
53
57
60
50
58
73
41
48
47
48
42
45
53
45
47
41
46
43
44
43
50
50
50
77
45
44
46
49
47
48
45
46
69
46
49
51
50
51
52
57
52
44
47
44
50
45
43
47
45
43
45
45
46
45
43
47
41
44
45
45
46
45
52
52
46
42
39
47
43
44
46
55
49
44
47
52
51
51
58
53
47
49
53
50
50
54
58
47
48
48
52
51
52
52
53
57
51
59
58
51
48
53
55
58
55
58
54
38
39
35
39
54
55
57
63
53
54
57
56
51
52
45
45
46
46
49
47
50
46
46
42
46
46
41
43
57
57
58
49
54
52
61
56
54
49
48
51
42
56
32
45
53
50
49
55
48
49
47
52
43
46
47
47
52
56
63
64
47
48
61
61
51
46
57
46
58
59
57
56
53
54
55
55
56
49
55
53
38
51
54
58
59
46
55
60
55
54
48
50
58
52
46
49
52
57
63
54
53
55
51
49
56
53
50
60
64
56
57
60
49
49
50
58
63
51
66
49
53
51
60
55
53
51
47
50
67
40
44
45
50
49
47
47
44
43
48
47
43
45
44
46
43
45
43
44
65
41
46
41
42
47
48
43
43
48
46
52
53
50
50
47
47
48
50
63
54
56
49
53
54
48
46
47
54
45
47
50
63
53
47
52
52
50
46
46
45
44
57
47
46
47
45
42
50
62
50
46
42
49
48
45
45
46
43
50
53
46
52
50
56
59
46
42
46
45
42
45
57
48
48
49
41
45
46
49
47
49
53
51
52
60
49
49
46
44
47
52
45
51
47
47
47
46
45
47
43
46
54
43
50
43
43
49
48
48
47
56
53
63
61
60
55
56
56
52
50
53
51
54
58
59
55
71
51
53
52
51
52
50
51
47
49
47
49
49
59
45
48
48
50
47
50
52
49
45
46
42
40
43
42
44
47
46
47
50
51
48
50
47
59
53
47
47
48
43
48
48
50
44
50
52
45
44
59
52
48
46
48
47
51
47
51
51
47
50
47
49
51
49
44
55
47
47
51
50
49
56
57
50
42
46
44
58
57
56
57
54
53
52
52
60
48
49
50
47
48
48
56
60
42
47
46
44
45
46
44
52
60
52
50
44
47
46
48
55
50
46
42
45
45
48
43
39
48
47
50
41
53
46
51
50
53
53
52
51
56
51
57
49
61
56
65
45
56
52
54
55
55
55
70
52
48
49
55
52
48
49
49
48
47
48
66
55
50
47
46
51
50
48
48
47
45
47
50
49
47
68
49
50
46
52
47
49
54
57
44
52
47
48
59
61
45
55
46
49
46
52
45
44
51
57
46
51
47
50
46
44
49
70
42
46
49
46
50
47
50
38
37
35
42
40
48
44
46
53
56
56
48
47
49
46
46
49
37
54
45
49
47
48
53
50
48
40
59
40
41
45
44
44
43
43
48
45
50
43
47
47
46
47
48
46
45
56
46
43
42
41
41
44
43
40
40
50
37
54
51
60
49
57
52
58
55
51
59
59
57
64
56
56
53
60
52
58
54
57
54
72
56
52
51
47
49
44
47
48
47
59
51
50
56
42
45
46
51
44
42
39
42
37
42
40
44
46
43
46
47
46
45
61
41
46
48
51
47
50
49
50
53
45
45
46
42
46
40
46
51
47
48
47
46
41
49
50
56
46
48
47
50
56
46
53
51
54
59
55
57
57
55
53
54
56
45
42
59
51
67
50
51
53
50
50
50
48
57
60
56
41
52
52
51
46
48
45
50
45
43
54
47
51
52
60
44
47
54
48
49
45
41
56
55
51
47
63
43
50
47
52
47
59
54
47
52
50
53
48
58
45
45
52
50
47
47
45
45
45
47
41
47
44
57
48
55
41
43
41
46
55
50
52
62
60
46
57
55
57
56
58
50
50
48
46
47
54
46
52
45
51
51
51
46
44
46
46
51
47
49
53
46
41
48
45
42
44
47
53
41
49
45
46
43
51
50
53
50
49
51
53
62
44
52
58
51
55
58
57
56
54
60
56
55
52
59
54
49
53
52
48
51
53
48
46
48
47
48
49
59
57
54
47
56
57
52
54
57
56
60
50
52
55
51
52
71
45
47
43
50
50
52
68
53
49
54
45
44
45
46
49
47
47
51
47
54
50
63
50
47
51
45
45
43
44
47
43
48
43
41
44
54
47
50
47
52
51
53
54
53
51
52
50
59
56
52
49
57
55
52
51
55
46
55
51
49
49
52
48
51
51
40
43
56
58
58
60
53
55
53
50
51
51
52
46
46
47
56
59
61
48
50
58
56
55
60
46
53
57
58
57
57
57
56
53
53
62
48
49
54
58
56
58
50
60
51
52
51
66
48
54
48
56
56
48
55
46
49
46
49
50
50
48
48
48
51
49
48
46
50
45
47
48
49
45
55
49
47
50
47
51
49
49
49
47
47
46
47
48
45
50
48
47
44
52
53
49
51
53
52
46
66
51
51
47
