40
31
47
43
47
46
57
56
58
56
46
52
46
41
57
34
48
48
44
41
39
35
40
35
37
41
33
47
42
42
44
42
44
50
58
44
33
37
30
35
36
40
35
39
39
36
33
30
52
53
57
54
54
51
78
48
58
58
53
56
45
53
52
65
56
50
47
48
36
40
36
39
32
38
40
41
45
43
46
43
44
46
45
44
64
35
44
40
42
44
41
42
40
44
40
41
40
41
45
43
41
51
46
48
52
55
56
52
47
47
42
46
47
42
50
57
42
49
47
52
52
48
60
47
47
49
51
48
53
55
45
48
56
53
51
53
50
43
49
44
43
52
46
49
52
50
40
50
52
51
45
46
45
47
63
40
43
55
48
44
36
36
50
49
40
49
45
47
54
57
53
68
44
51
50
48
52
47
47
50
48
49
45
43
49
51
47
45
47
53
47
36
61
53
51
51
39
46
49
44
33
31
32
32
31
31
31
35
45
50
49
46
42
51
55
49
50
52
57
54
53
60
51
59
53
52
54
50
51
64
49
52
51
53
56
47
52
51
54
62
59
51
55
47
55
56
52
53
53
53
64
52
52
51
52
63
52
50
45
59
46
53
48
53
50
52
45
45
44
38
61
65
52
51
45
40
52
52
53
63
50
49
48
40
41
40
44
39
40
46
39
42
41
53
45
52
50
49
45
44
42
61
41
42
45
47
44
45
44
66
50
49
55
48
52
51
50
55
42
44
67
57
50
55
51
53
44
47
50
49
45
45
47
49
65
44
44
41
42
48
46
47
47
47
46
49
48
52
41
47
61
60
26
39
45
43
44
44
56
50
47
46
49
45
46
39
48
50
50
48
44
48
69
58
38
45
36
42
42
39
45
49
47
50
49
36
39
41
50
45
42
44
57
50
40
47
49
44
45
43
48
47
55
46
48
42
46
43
45
47
47
44
44
66
42
46
46
45
47
45
46
46
50
45
45
47
44
45
45
44
49
62
47
46
42
43
46
45
47
44
48
39
44
43
47
49
48
49
44
38
39
39
51
41
40
34
35
41
36
39
39
56
52
50
60
53
49
51
69
42
43
43
37
43
49
49
52
52
50
56
44
67
47
44
51
48
47
49
47
49
49
48
51
50
50
67
52
52
45
52
45
44
54
46
58
49
44
49
58
49
48
48
45
41
50
49
45
45
45
43
42
42
42
46
48
44
44
44
47
47
51
49
41
43
43
41
44
41
40
45
46
41
47
43
48
45
50
49
48
45
47
52
50
74
35
48
65
44
47
45
47
42
43
43
39
62
42
43
41
50
49
49
50
50
51
54
53
51
53
50
49
70
47
55
54
53
57
54
53
51
52
64
46
48
51
50
52
47
49
49
48
47
45
42
38
54
45
57
40
50
46
39
44
44
56
50
50
50
48
50
65
48
52
48
49
41
51
53
50
54
52
55
55
51
53
53
52
48
51
47
46
50
48
47
49
45
45
44
48
42
47
48
45
54
59
38
54
51
53
50
45
55
53
60
56
52
52
60
57
49
59
58
52
50
53
48
52
57
54
53
53
53
54
48
44
48
50
52
54
54
49
54
55
65
55
58
54
50
55
45
48
45
49
45
45
59
36
44
49
47
38
42
52
48
50
52
48
41
45
47
47
49
49
55
45
50
47
50
50
52
51
49
47
51
42
47
52
42
46
42
51
46
47
41
46
43
46
45
42
48
44
46
44
43
48
47
43
42
50
43
44
45
53
52
50
50
49
50
50
56
47
47
50
50
50
51
49
52
51
55
48
49
51
53
50
53
52
59
48
68
41
55
54
54
48
50
41
35
41
41
54
50
63
60
50
56
69
45
45
46
46
45
47
45
51
52
55
46
43
46
40
44
45
56
54
53
45
51
51
58
52
56
53
51
51
40
41
43
47
53
50
51
50
50
45
42
46
46
47
53
41
51
64
58
50
58
59
55
47
50
52
52
56
57
53
77
50
53
50
59
53
48
57
43
42
51
57
55
49
51
60
54
51
53
49
62
53
49
47
50
49
59
62
53
50
53
54
48
49
50
54
58
56
46
61
50
60
48
50
62
48
60
59
49
53
56
53
54
49
48
49
48
45
43
43
49
49
69
39
47
43
46
47
46
43
44
50
41
44
41
47
50
40
47
42
41
47
62
40
47
43
38
48
48
49
44
55
49
46
53
52
52
53
60
49
50
50
48
48
49
49
48
51
49
50
52
50
54
52
56
50
50
50
53
44
42
46
44
51
47
47
41
45
51
43
43
47
44
52
58
42
45
51
54
47
56
47
44
46
44
47
48
47
46
46
43
52
48
46
47
48
52
50
53
55
49
47
43
45
50
47
46
58
45
48
45
45
45
45
41
45
44
45
47
48
48
49
49
41
49
58
58
53
55
56
58
61
50
50
51
69
48
53
57
55
53
53
56
52
50
53
48
75
42
48
46
48
47
46
45
46
47
48
47
50
48
48
50
50
49
41
41
40
48
43
47
47
42
49
47
47
47
46
48
46
48
51
65
42
46
43
49
47
47
43
48
52
46
47
43
45
50
58
45
65
45
48
46
46
48
49
44
46
45
50
49
46
49
51
57
53
57
40
46
51
57
54
56
50
51
53
52
48
49
71
41
46
58
46
45
45
46
44
46
44
45
46
46
49
57
52
62
44
47
46
49
46
50
46
41
45
42
44
45
41
44
47
47
55
44
48
47
53
51
51
51
50
54
49
51
61
44
54
48
50
48
56
50
71
58
52
52
50
47
56
48
50
50
51
58
46
46
49
55
48
45
46
47
50
49
49
48
44
55
58
45
47
46
52
50
43
50
48
47
53
50
48
56
40
67
50
47
44
46
45
44
46
50
44
54
50
45
45
48
46
50
43
46
43
70
43
48
47
47
50
47
46
35
34
40
38
40
50
44
50
51
52
63
48
45
41
52
54
44
49
46
49
48
44
51
46
47
38
44
40
43
56
42
46
50
45
45
47
45
47
48
43
45
46
47
43
45
51
43
44
44
48
42
43
41
40
43
41
50
50
51
49
54
56
53
67
50
52
55
59
54
55
50
54
56
70
47
54
50
52
55
52
41
52
61
61
37
44
49
53
51
49
48
48
46
44
43
46
47
39
40
54
43
39
44
42
48
44
50
45
42
45
47
48
47
46
50
48
48
63
42
47
46
42
44
40
41
42
47
43
46
48
42
43
48
46
56
48
50
67
37
48
53
49
48
49
52
65
53
55
57
49
52
53
48
53
49
53
57
52
57
53
48
50
52
45
67
68
50
45
49
48
46
47
40
50
50
45
50
43
45
47
52
51
50
48
48
59
47
47
44
66
42
50
50
48
47
47
50
50
48
52
55
52
68
41
51
49
53
48
44
47
46
49
47
45
44
47
60
42
43
42
53
50
43
45
42
41
44
43
47
61
59
55
55
50
47
71
44
55
52
65
45
48
50
49
48
45
47
50
47
52
46
45
43
45
50
50
66
40
45
44
46
41
40
44
46
47
67
41
48
45
49
44
49
48
50
45
56
49
50
67
44
52
55
57
51
58
64
53
60
52
53
52
53
52
50
59
50
51
50
50
45
47
50
46
47
48
55
55
54
65
47
57
51
56
56
54
51
54
53
67
50
43
49
45
49
40
52
51
50
48
58
44
60
42
43
43
49
51
51
42
47
50
50
50
55
49
48
51
52
45
45
44
44
45
47
45
43
45
45
45
60
51
50
51
67
49
51
50
49
51
52
50
49
55
67
51
45
52
47
49
52
47
48
54
49
48
65
41
44
56
53
58
53
58
53
51
52
45
49
52
48
45
47
47
55
61
50
51
52
70
45
52
50
52
62
50
53
55
56
55
59
48
50
45
48
52
55
55
53
50
49
50
47
54
61
49
53
50
62
54
51
48
47
50
55
47
50
49
48
48
49
49
49
45
46
48
48
46
46
48
47
59
44
47
47
45
51
50
47
46
50
43
46
46
47
44
47
44
46
47
51
46
49
51
49
51
45
53
51
59
47
49
50
41
47
63
48
55
57
55
51
50
47
50
46
46
63
42
53
48
43
47
44
42
48
40
38
50
48
46
44
52
60
