54
58
53
61
70
49
54
54
55
54
40
39
42
43
36
69
47
43
38
35
37
36
34
38
38
44
42
41
45
43
40
46
40
44
35
45
54
31
34
36
39
39
37
39
35
30
37
63
52
56
54
57
50
54
69
68
50
55
49
54
48
55
47
56
70
44
47
35
41
38
34
38
39
38
42
46
44
43
45
46
44
43
39
41
44
46
63
36
41
43
44
37
40
43
40
38
41
48
45
39
48
48
47
51
53
48
72
44
47
46
46
45
44
50
44
46
46
47
52
56
50
48
48
69
40
52
54
52
52
49
48
48
49
55
51
57
47
41
42
45
53
45
49
53
51
42
51
52
54
48
49
45
49
64
43
43
46
46
55
31
34
48
44
40
47
45
49
54
60
49
63
57
52
46
52
46
55
45
45
51
41
47
57
40
47
40
51
44
44
57
52
54
41
47
47
46
40
32
37
39
31
33
31
29
37
54
44
43
48
53
51
55
48
50
56
62
62
51
51
50
60
56
55
53
56
51
68
50
56
50
52
55
56
54
51
52
71
49
59
50
50
53
50
55
56
52
55
55
51
52
61
53
55
55
50
53
48
51
51
56
52
55
49
56
52
42
45
42
48
58
62
56
50
46
43
64
57
50
60
50
72
46
46
42
43
42
47
42
48
46
42
41
44
45
48
58
59
36
53
35
43
61
45
46
44
46
46
50
43
48
50
65
48
60
53
44
49
47
52
52
55
53
77
48
43
49
48
51
41
45
42
47
47
45
39
46
73
40
50
44
47
48
45
52
42
53
44
34
50
31
38
51
44
48
66
43
50
45
46
50
46
41
43
48
50
47
44
49
45
44
52
51
40
39
40
44
58
50
44
44
36
39
50
46
41
46
35
43
72
41
46
54
37
44
39
52
52
45
44
46
45
43
49
44
43
39
46
47
56
61
42
43
45
50
48
45
48
46
45
46
41
45
53
42
48
48
46
64
35
44
49
44
45
44
42
43
49
43
50
48
44
44
31
40
36
41
49
42
51
41
33
41
35
52
52
51
58
52
54
53
49
47
65
36
40
39
49
51
50
55
50
51
50
45
47
70
44
49
47
47
51
47
50
52
48
47
49
48
54
79
40
55
39
52
45
56
55
44
45
43
45
41
56
48
44
46
47
44
42
39
44
39
42
42
47
41
44
39
43
51
38
47
40
43
60
39
41
38
44
40
46
45
40
44
46
49
45
48
43
48
39
55
50
58
42
53
50
44
47
43
42
42
40
41
43
43
40
50
49
48
62
49
55
54
51
52
49
53
48
60
52
53
52
56
51
50
51
46
62
48
48
52
48
49
52
38
45
42
42
41
44
52
65
40
43
45
45
45
54
50
45
50
48
47
48
49
52
55
45
45
48
51
59
48
57
56
50
51
47
48
70
41
46
47
52
48
46
47
49
46
50
50
52
44
56
35
53
41
53
46
47
56
46
53
57
56
48
50
57
48
52
47
54
55
56
46
48
59
52
53
51
46
43
50
48
40
50
50
65
42
52
54
57
51
55
57
50
56
72
38
54
38
43
42
42
43
42
43
51
43
44
41
49
49
50
50
66
49
44
45
48
45
45
50
47
43
48
52
47
50
51
50
47
47
49
57
42
50
45
46
43
43
46
44
43
46
44
46
44
44
47
42
45
46
46
47
70
50
40
56
40
42
47
49
47
47
44
51
50
49
55
50
61
43
51
53
48
50
52
50
48
48
49
52
47
58
73
51
52
61
52
50
49
48
54
56
56
70
45
41
35
35
37
54
53
55
52
50
61
62
66
41
47
46
45
46
44
47
50
47
45
49
53
42
43
44
48
52
55
53
50
47
50
59
52
56
54
47
49
45
39
39
43
47
51
50
51
49
48
54
54
51
38
50
47
46
53
57
59
45
45
72
54
50
67
52
47
53
61
54
53
51
54
63
56
50
52
51
48
42
43
56
57
52
50
67
55
52
52
52
47
56
51
47
49
68
52
63
52
56
53
52
40
47
52
67
52
54
50
61
57
50
47
61
63
52
51
48
50
53
60
51
51
51
67
49
45
46
42
46
51
46
47
49
43
43
50
46
46
42
46
45
46
42
63
49
40
46
45
39
47
40
45
42
44
46
43
49
52
48
45
55
53
62
48
54
49
49
56
54
47
50
47
51
47
48
66
45
49
51
48
50
54
42
46
45
43
51
50
50
44
71
35
47
48
48
48
43
48
45
50
37
46
42
49
51
45
44
46
60
53
44
50
46
42
46
45
46
49
49
43
43
46
46
45
50
47
52
70
43
52
50
45
45
44
52
45
47
48
46
53
47
59
41
47
52
41
45
46
49
52
41
50
47
43
52
53
54
55
70
50
53
61
52
52
51
50
54
52
56
54
67
52
52
50
52
49
47
50
48
48
48
44
46
59
43
51
47
49
47
49
46
50
46
42
41
42
41
41
54
38
45
65
46
47
47
45
48
46
46
50
45
51
54
46
43
47
48
47
45
62
46
52
42
43
49
50
47
50
47
47
48
45
48
50
47
46
62
41
48
49
45
49
57
52
50
42
44
45
56
46
52
66
43
52
48
49
50
48
50
45
50
51
46
50
54
42
47
43
44
44
46
50
54
54
47
47
49
45
45
65
45
42
43
47
43
41
46
40
43
46
48
40
46
56
46
52
58
50
54
45
59
46
57
46
69
47
51
50
54
52
53
63
53
58
70
47
45
50
54
50
49
46
47
47
46
53
60
52
46
46
46
49
51
46
46
48
49
46
47
46
51
62
48
47
47
46
51
47
52
49
49
52
43
49
72
41
44
46
46
44
49
55
44
49
47
47
47
44
49
45
45
46
70
38
48
50
43
47
50
47
37
35
35
41
37
46
47
48
49
52
50
61
50
45
44
47
51
45
49
47
47
49
46
47
47
47
41
57
36
40
42
45
51
42
45
45
45
44
46
47
43
52
41
46
45
61
42
41
39
39
44
38
43
37
42
40
51
50
50
52
57
52
54
54
52
54
57
52
69
48
55
54
56
53
51
55
52
73
47
52
50
57
48
43
49
48
44
57
50
47
57
43
47
45
47
44
40
40
37
41
39
41
45
44
47
47
45
42
45
64
41
49
47
48
47
42
43
43
46
45
42
39
45
46
48
42
48
42
46
43
49
51
47
50
44
48
46
52
52
52
48
59
57
57
53
52
56
51
53
68
34
49
52
57
53
53
50
51
51
61
42
47
61
51
53
39
51
46
60
43
46
48
44
45
46
46
48
52
49
49
60
50
50
58
43
42
51
54
52
49
43
51
47
51
46
52
53
71
43
48
54
48
50
56
43
45
49
49
50
47
55
44
48
44
41
43
45
53
49
43
41
44
40
44
46
59
51
56
59
47
49
60
47
55
54
62
46
49
49
47
49
47
42
49
51
51
44
49
43
44
45
52
65
44
46
45
48
39
46
42
46
58
65
41
45
45
44
46
50
49
52
47
48
55
47
51
64
45
55
53
57
55
63
55
58
57
59
51
47
56
51
49
50
49
48
52
59
41
49
46
49
46
47
55
55
56
46
56
56
66
47
60
51
52
49
51
50
50
50
48
49
55
44
50
51
51
51
57
44
49
47
43
49
50
62
42
44
45
53
51
47
56
50
50
43
46
43
45
44
58
41
62
46
46
38
48
46
48
52
47
53
48
59
66
50
38
44
55
51
44
60
53
68
41
48
47
52
50
51
45
52
61
42
59
36
48
57
63
51
53
52
55
50
46
47
54
55
61
43
46
55
61
61
44
52
55
54
55
50
53
49
55
65
56
49
54
54
50
51
53
48
50
70
50
54
52
52
48
51
49
52
58
66
49
52
56
49
50
50
44
44
46
50
67
42
48
47
51
49
47
47
46
49
45
46
47
49
47
48
50
61
46
50
49
47
47
49
50
42
47
47
49
49
45
48
43
43
45
52
65
45
48
45
55
60
47
46
47
47
42
52
50
69
48
56
51
50
49
48
46
46
45
47
50
63
45
43
44
43
46
50
39
52
44
44
49
42
44
52
67
46
58
52
49
39
51
60
55
63
43
50
52
43
51
55
44
46
64
38
