60
65
49
44
40
37
40
34
29
31
29
37
30
37
31
29
50
51
44
46
51
51
64
52
53
40
41
48
42
45
49
49
48
48
51
48
73
41
45
44
47
43
45
45
48
47
58
50
50
44
74
46
50
50
45
41
42
42
58
39
40
41
45
48
44
37
45
42
45
48
44
44
53
55
54
50
54
57
51
59
56
68
48
49
56
54
55
53
50
55
58
38
52
58
57
47
55
47
59
60
53
56
50
55
54
52
63
50
50
57
60
56
60
50
50
62
43
51
54
55
63
39
45
53
56
54
51
52
55
55
57
52
57
45
41
44
49
51
55
55
73
51
54
52
54
52
53
55
58
57
79
47
49
53
55
51
52
54
48
52
51
65
70
45
45
51
49
47
52
51
51
53
47
48
52
48
49
44
46
38
42
49
50
52
51
50
50
59
42
46
42
42
51
50
52
52
38
36
35
45
74
70
47
36
41
45
41
39
38
43
42
43
37
36
45
38
36
41
39
35
43
38
41
41
40
68
39
38
41
36
52
45
37
40
44
35
42
40
40
40
38
38
42
40
42
44
46
60
44
54
50
45
40
33
37
40
40
59
38
39
35
37
40
37
38
40
42
43
45
36
65
57
30
38
41
40
54
40
43
43
40
42
39
39
37
42
42
38
37
42
40
43
42
43
43
44
54
43
42
39
45
43
42
44
42
40
41
44
52
51
53
51
57
52
60
55
52
49
55
45
60
66
57
52
58
59
50
56
49
47
54
74
47
47
53
47
46
50
50
34
50
42
46
50
46
39
53
51
54
50
46
58
52
64
52
53
47
52
46
43
43
44
43
43
42
43
62
40
44
53
49
46
45
53
50
64
54
52
52
56
47
68
46
44
46
52
44
48
49
47
51
43
45
53
57
76
50
52
56
50
52
55
58
53
59
55
47
50
44
50
49
47
43
47
53
52
52
49
76
36
42
43
41
41
41
41
46
43
40
41
42
52
51
71
48
42
39
41
46
44
43
45
45
42
52
49
47
49
48
48
64
49
52
63
46
52
47
48
52
45
46
54
52
43
71
47
46
41
45
48
48
59
45
43
48
62
76
44
42
45
40
37
44
44
40
49
46
48
52
55
57
47
69
52
40
39
40
38
40
38
55
58
51
42
60
55
50
64
74
41
42
43
41
46
46
47
49
49
48
47
49
47
47
44
44
43
37
52
48
38
40
39
40
38
43
42
49
48
46
47
45
42
42
45
44
39
42
39
42
35
46
45
46
68
53
55
52
49
44
41
42
44
43
42
46
43
42
42
45
45
45
42
68
36
38
39
40
39
37
37
41
40
45
47
50
48
45
45
44
42
50
46
41
50
54
53
51
52
50
55
66
47
46
47
39
64
56
52
48
44
45
48
47
68
28
42
32
42
38
50
38
38
47
32
44
50
47
57
56
53
59
48
44
44
42
45
47
55
45
42
40
42
40
37
48
52
58
52
55
53
60
59
49
57
55
49
47
53
56
63
60
49
54
53
51
48
47
49
53
55
66
44
53
57
53
56
64
49
52
46
50
52
50
53
47
48
57
62
46
45
49
50
53
50
41
58
55
71
51
56
54
51
62
51
52
49
50
65
45
54
47
54
56
51
57
51
48
71
50
53
54
53
53
49
54
50
54
61
49
48
50
58
54
56
50
52
39
49
48
66
45
47
47
50
42
40
42
44
45
50
67
41
43
41
45
47
49
52
73
51
51
48
49
56
56
57
52
73
59
51
47
53
53
52
49
45
50
76
42
44
45
49
44
51
46
46
50
52
62
50
67
49
50
47
51
53
55
45
41
64
45
80
43
43
44
42
38
42
41
46
44
43
47
45
48
42
50
72
55
52
44
49
45
42
40
37
45
39
50
45
60
55
36
45
54
42
47
51
44
42
43
40
41
42
41
37
40
39
53
37
37
41
44
74
37
36
38
37
47
46
45
52
52
46
50
40
46
41
40
45
46
46
43
70
41
40
46
47
43
43
47
44
41
41
42
43
38
40
39
40
37
40
40
39
54
43
40
38
47
39
42
38
36
37
37
39
38
40
51
45
45
43
47
36
37
40
38
42
43
43
66
45
38
42
41
35
39
47
47
49
47
47
46
44
50
42
46
48
44
47
41
42
44
50
59
44
57
42
47
38
67
54
51
49
50
57
49
70
47
50
43
40
39
47
49
47
43
40
46
43
43
47
66
42
39
29
37
41
40
43
47
52
49
53
50
52
50
78
44
45
48
47
52
52
51
49
51
59
86
62
53
56
56
57
52
53
47
71
44
45
41
44
38
42
46
48
45
49
48
55
44
50
55
42
47
51
44
47
40
44
45
45
45
37
38
53
46
44
43
50
59
48
41
38
43
43
40
43
55
50
46
40
46
46
51
60
55
55
63
47
57
55
53
68
51
54
54
54
58
54
55
57
56
73
59
55
56
55
48
46
53
55
57
79
49
51
50
54
53
48
46
49
48
45
64
40
39
48
54
43
40
43
40
42
46
44
45
45
44
40
50
41
45
41
52
69
34
45
53
54
52
52
51
51
50
47
41
38
40
38
68
43
47
45
44
43
38
47
46
49
53
50
58
55
51
67
53
52
55
59
67
50
57
59
52
53
54
53
48
48
60
73
44
54
55
56
54
54
53
55
54
65
60
50
49
58
47
49
49
53
50
46
49
71
64
53
51
53
48
53
50
47
45
40
49
52
64
62
39
52
46
49
50
54
50
49
49
49
47
44
45
59
50
40
44
40
46
44
45
47
50
47
47
46
49
59
48
41
44
42
43
40
64
36
40
36
42
44
45
42
42
50
46
36
42
45
38
40
42
37
43
43
44
40
38
41
42
41
38
39
39
40
43
72
45
56
49
48
58
45
48
46
49
42
46
51
46
51
76
34
39
40
47
47
45
33
44
41
41
48
51
52
54
65
52
52
51
55
50
50
55
51
50
50
69
49
46
45
43
49
48
49
60
48
51
50
46
50
63
49
53
50
49
53
53
49
45
47
75
48
38
40
52
53
55
53
55
45
49
61
61
61
48
42
50
56
42
48
55
56
47
70
36
49
44
50
45
46
44
53
52
51
55
48
54
72
38
42
35
47
45
51
48
45
46
44
46
49
65
47
45
50
46
46
46
45
50
51
62
39
53
55
55
51
53
58
53
52
55
50
56
52
55
64
49
50
52
49
61
53
58
52
51
61
45
42
45
39
45
43
39
45
53
60
59
51
49
51
56
56
51
53
50
58
70
48
46
51
52
51
44
52
51
66
62
53
49
40
35
38
42
43
48
45
45
47
50
47
40
74
38
38
46
49
52
46
43
44
43
41
42
43
40
45
42
45
81
39
41
42
42
47
42
37
40
38
40
42
51
39
45
40
40
45
43
42
41
44
43
48
66
63
46
41
41
36
38
39
33
56
39
40
46
47
49
37
45
42
43
43
45
45
68
43
42
45
46
47
47
43
44
41
41
52
43
42
47
43
40
50
43
55
71
36
46
47
41
43
46
42
49
47
47
46
35
42
44
45
49
49
44
37
36
69
46
47
32
35
40
39
40
40
46
43
57
49
44
43
47
44
43
48
48
40
53
69
34
39
42
45
47
37
42
41
43
43
45
45
48
51
47
48
51
52
63
50
48
49
46
50
49
54
52
51
57
64
49
48
50
47
49
47
48
46
47
45
49
54
45
48
68
52
47
51
49
52
42
46
41
43
44
44
40
42
46
42
44
67
56
49
51
49
55
48
50
51
49
45
51
49
50
83
57
47
50
43
46
43
49
47
41
36
41
36
37
42
54
37
81
41
36
39
45
34
40
41
47
47
53
50
50
71
53
47
47
47
44
53
47
47
47
43
46
45
41
39
40
39
63
41
41
41
44
42
40
38
40
42
40
42
45
43
39
38
43
44
41
43
40
39
47
43
43
41
44
44
42
61
55
37
42
38
42
40
31
42
42
44
41
38
40
54
55
47
73
63
52
53
49
36
44
47
47
48
43
41
52
45
86
38
46
42
51
46
49
47
49
44
35
42
44
46
50
49
47
77
46
56
47
62
42
49
47
44
44
49
50
52
52
55
