66
66
51
50
47
41
38
42
39
32
30
31
35
36
35
31
33
31
47
50
49
45
50
50
47
75
50
51
42
47
43
46
42
45
53
47
55
50
41
50
67
46
45
45
49
44
45
44
49
46
49
48
53
42
45
60
42
60
37
42
40
41
40
50
45
39
47
43
37
42
49
42
48
46
43
53
44
56
55
52
61
52
62
59
53
58
51
52
50
58
51
53
54
57
61
47
51
52
67
48
48
50
55
57
55
64
58
51
53
53
52
62
48
55
57
52
54
55
50
51
53
52
54
55
51
58
44
54
56
52
59
53
55
53
51
52
50
43
52
47
55
55
57
56
73
50
56
53
51
53
52
56
51
76
60
58
53
51
50
54
46
51
48
46
49
76
52
47
51
49
50
50
54
47
45
46
75
47
45
44
39
52
55
46
47
50
44
45
45
43
63
61
48
54
51
41
36
38
37
38
50
43
48
40
44
41
38
39
41
43
44
69
46
43
41
41
37
41
37
38
42
39
42
38
42
41
39
37
41
38
51
45
36
64
40
42
43
42
41
39
38
41
40
41
44
45
46
46
43
45
48
46
39
43
36
39
50
38
38
39
35
39
41
38
39
38
45
43
35
60
52
40
39
40
44
40
41
42
70
33
37
45
40
37
39
42
40
37
37
45
40
43
45
41
44
43
44
33
39
41
39
41
45
62
35
47
43
46
51
52
55
59
52
52
52
52
55
64
50
54
61
50
56
53
55
69
43
59
56
43
50
48
47
46
70
40
45
46
46
43
46
44
44
56
52
54
39
63
49
49
50
66
44
51
51
42
40
44
44
59
38
41
48
43
49
52
45
47
51
65
43
55
57
52
51
56
68
50
43
46
44
51
46
46
47
47
47
75
43
58
51
57
50
52
54
48
71
57
57
45
50
56
48
44
49
49
43
45
72
46
47
54
54
47
41
44
42
42
39
42
41
46
46
61
40
48
61
38
44
46
41
40
41
43
42
46
43
43
45
52
66
50
46
48
48
46
51
50
49
52
51
58
43
67
46
49
54
44
47
50
50
44
43
46
53
48
64
62
44
46
55
45
50
39
45
41
41
42
43
43
48
58
64
55
56
53
44
42
42
41
40
38
40
40
57
57
69
52
50
56
55
47
48
43
46
39
45
45
48
50
83
42
51
48
46
47
46
50
41
41
39
40
38
39
37
48
41
34
41
40
70
41
51
41
44
42
42
42
40
38
39
36
40
35
44
39
46
47
48
50
49
69
47
45
40
44
46
43
45
43
47
41
47
45
42
41
42
41
43
39
40
38
37
41
84
42
43
46
51
43
43
42
48
53
47
47
51
49
50
49
74
51
52
54
48
47
43
42
54
57
51
50
63
44
47
47
34
29
40
35
33
36
44
53
30
48
40
39
47
50
45
66
58
50
57
43
47
37
46
44
56
50
49
37
43
38
42
41
47
51
56
65
52
50
54
52
63
51
51
40
53
60
58
51
52
52
55
57
45
49
66
42
50
56
52
52
58
62
53
59
50
52
51
73
38
48
56
45
46
60
53
47
46
46
50
54
47
50
43
59
59
50
55
52
57
55
69
46
49
50
50
70
45
57
45
58
55
53
57
52
50
44
63
61
58
55
53
49
53
50
50
47
70
47
50
52
53
53
62
45
54
40
46
49
69
39
52
44
49
45
39
42
43
44
45
46
60
41
42
42
49
48
50
51
57
58
50
71
43
56
50
52
52
51
59
60
76
41
55
49
48
51
45
60
53
65
48
41
52
45
49
48
44
47
54
56
51
40
63
51
53
48
50
53
46
46
48
47
49
48
79
38
42
38
38
44
44
45
41
45
61
36
49
53
47
51
66
50
48
46
42
38
49
41
49
40
44
37
41
44
47
64
63
46
49
39
40
41
44
44
41
39
38
38
40
46
41
39
42
44
39
39
36
36
54
61
45
43
50
50
47
46
42
44
43
39
44
47
46
44
40
48
37
53
46
41
50
42
45
41
41
45
41
43
38
39
61
43
39
39
40
38
35
47
35
42
37
46
40
39
36
35
40
40
34
45
47
45
45
42
39
34
74
37
39
42
40
42
40
39
45
34
35
44
43
47
48
45
49
51
43
48
45
72
42
44
39
42
46
44
46
44
48
51
48
40
47
68
51
50
76
44
50
48
52
52
41
49
35
46
50
43
43
54
51
46
41
50
41
48
40
34
28
38
41
41
46
47
50
72
45
50
52
52
52
48
54
46
48
50
71
62
46
50
63
55
56
64
57
56
82
51
51
50
50
44
45
44
43
43
40
41
44
48
52
71
44
51
47
47
47
41
46
50
47
48
41
45
42
51
58
47
36
34
50
43
45
39
47
48
45
39
39
48
39
44
46
58
37
48
42
49
54
54
57
52
56
54
55
56
60
62
52
55
54
57
57
58
50
76
59
52
55
53
54
56
57
49
71
57
54
44
55
58
45
45
51
50
42
65
37
42
44
45
53
40
46
40
46
41
45
44
42
44
43
50
39
45
65
41
35
52
55
51
42
55
45
50
49
41
39
57
33
41
39
48
48
43
42
39
44
46
48
49
55
56
60
60
57
59
60
51
56
69
52
60
51
58
54
50
52
49
49
65
52
54
52
56
52
64
61
48
61
69
47
51
49
54
53
43
49
52
52
45
64
73
45
52
50
49
51
51
54
52
47
40
78
48
53
47
44
43
53
56
47
54
53
51
50
66
53
47
42
47
43
42
42
41
43
49
41
44
48
50
53
46
46
48
71
42
45
43
40
46
40
40
38
37
39
43
41
45
42
39
47
46
40
39
44
41
40
38
42
46
58
50
39
39
42
40
42
37
39
39
37
41
50
56
50
49
51
50
48
49
71
36
44
43
51
45
45
44
42
42
39
41
48
47
38
39
44
42
38
49
57
52
53
55
50
52
49
53
50
50
61
49
51
60
48
49
47
46
42
47
51
50
53
74
63
68
47
46
50
56
52
55
48
47
49
42
38
40
40
62
32
38
42
42
45
38
37
37
43
38
41
42
37
36
40
42
35
41
42
40
40
42
42
41
61
46
47
44
46
57
49
48
70
53
50
50
44
47
41
40
46
51
56
40
47
66
40
46
52
46
45
48
46
48
46
49
51
51
50
61
43
55
54
52
52
51
53
55
51
52
55
52
66
57
65
45
50
52
54
56
56
68
47
48
43
44
43
41
40
47
57
45
56
46
53
51
47
51
53
50
76
47
53
46
52
49
48
55
52
46
77
61
50
50
57
48
51
36
35
39
45
44
54
43
45
58
47
52
42
40
39
45
51
50
47
45
50
39
46
44
43
41
46
42
79
62
44
42
42
44
39
44
40
37
41
35
44
40
46
43
39
41
41
43
45
40
41
44
44
63
63
45
43
39
39
39
35
52
49
46
41
39
46
43
44
40
44
44
40
44
83
36
41
41
42
47
48
46
45
46
40
41
41
50
43
40
48
41
45
47
42
46
59
39
49
42
41
45
46
49
45
49
48
40
39
41
44
46
65
40
41
35
56
51
41
40
37
36
35
35
44
40
44
45
44
43
53
48
42
64
43
44
50
48
63
43
42
38
44
46
43
40
44
42
45
42
46
45
47
53
50
50
47
76
46
49
50
46
50
56
51
59
53
50
50
75
44
50
48
50
48
48
50
47
47
50
49
50
45
52
59
52
48
63
41
41
40
41
47
40
47
35
47
42
46
44
64
58
48
51
52
50
52
51
48
52
52
50
47
51
82
58
53
43
43
53
46
49
45
42
34
37
33
36
38
48
40
74
45
42
34
50
35
37
40
42
41
51
52
48
56
63
48
47
48
47
46
60
46
49
44
46
46
41
42
38
41
58
48
33
45
39
40
43
41
38
51
42
44
42
41
41
40
41
43
43
39
40
38
42
49
43
43
42
47
47
57
48
39
36
38
43
41
30
43
41
44
41
38
37
51
58
46
67
67
52
51
47
41
45
42
50
51
39
42
53
46
82
46
45
47
47
48
47
50
48
45
44
34
44
48
52
51
61
55
49
51
53
49
45
45
47
41
41
45
51
53
55
66
55
48
51
41
49
52
47
