48
56
58
60
63
54
29
30
33
32
34
33
36
33
32
33
55
49
48
48
51
50
51
50
55
50
71
39
44
45
51
44
51
48
52
50
45
50
47
49
49
44
52
52
46
45
49
47
74
52
50
46
56
48
51
49
55
44
42
41
45
37
56
49
52
48
39
42
44
44
57
45
44
48
50
50
59
52
54
57
52
60
59
55
54
51
59
57
60
63
57
54
56
52
52
52
54
55
54
52
50
66
54
56
60
54
54
61
52
53
57
64
50
53
62
55
52
56
54
51
56
52
53
56
60
67
43
53
52
55
52
51
58
56
57
58
69
40
39
39
51
51
59
55
73
53
57
50
58
51
54
56
50
54
77
52
65
56
54
51
52
52
53
50
52
73
59
51
49
53
50
52
50
49
53
52
55
75
55
49
46
47
44
44
40
50
52
52
52
50
54
50
67
56
53
43
47
50
52
53
44
35
36
38
41
42
41
48
40
40
46
38
40
45
65
50
38
39
45
41
38
43
40
39
43
43
42
41
39
43
43
34
41
40
43
55
58
48
49
39
44
47
41
44
38
40
42
43
41
46
46
46
45
50
48
47
45
42
44
34
41
61
43
35
37
38
38
41
37
40
41
47
43
38
50
51
38
37
40
43
42
42
40
57
51
49
40
40
41
40
47
37
39
43
43
44
43
44
45
40
42
64
44
39
40
40
43
44
52
51
54
40
50
54
55
53
53
56
54
53
52
55
76
50
56
58
55
53
56
58
67
54
60
51
52
53
45
50
51
63
55
45
41
50
46
47
42
48
58
49
53
39
77
50
47
58
52
51
44
57
44
42
45
48
53
50
47
47
45
53
47
50
50
51
51
57
55
57
58
64
65
51
51
46
48
50
46
45
46
48
52
49
45
58
55
57
82
54
55
48
51
55
50
56
48
60
52
44
63
66
49
47
45
50
53
52
53
48
49
45
51
39
42
70
43
41
43
45
43
39
47
56
50
47
44
41
42
42
43
46
70
45
47
43
51
49
49
47
47
47
48
50
51
50
60
66
49
47
45
50
55
46
51
50
50
47
71
40
52
50
53
52
47
47
51
52
50
60
61
56
38
42
44
46
48
44
50
54
52
55
49
47
44
41
72
42
40
41
45
54
55
50
44
53
62
57
46
59
72
45
42
45
46
53
47
50
47
50
47
47
45
48
43
43
40
40
38
63
48
32
42
39
38
44
47
55
46
42
48
39
44
45
41
43
37
39
38
44
43
41
44
50
62
66
55
53
38
50
44
42
44
48
42
42
43
47
46
46
43
44
40
42
45
39
63
35
37
40
43
41
47
52
47
47
47
46
45
43
54
48
48
52
55
48
69
67
54
48
59
51
48
47
41
55
56
64
44
66
41
51
48
34
31
37
37
37
37
43
52
34
44
46
35
44
54
45
61
75
50
49
46
48
41
45
47
44
50
41
39
40
54
49
38
51
52
54
54
55
56
54
55
53
55
65
66
49
51
55
48
55
53
57
52
63
47
54
52
51
51
57
54
55
56
69
69
52
54
52
49
47
50
51
54
52
49
51
68
52
49
42
50
51
50
50
49
50
59
57
60
56
52
54
60
50
52
62
52
50
71
41
47
48
58
57
52
59
50
58
56
64
60
54
54
52
50
53
53
49
47
54
52
56
50
57
63
68
79
43
45
51
41
47
50
52
50
47
40
70
41
45
44
50
44
54
41
45
45
50
53
61
54
55
65
50
52
59
52
53
52
60
61
50
65
59
50
52
45
47
52
56
43
45
43
66
50
50
49
44
54
54
52
45
47
54
45
55
68
69
59
39
55
47
57
48
49
64
38
37
44
43
48
45
59
66
55
48
49
53
50
49
49
48
47
46
46
41
41
47
77
51
46
42
40
43
44
55
44
45
51
47
44
44
41
41
42
43
75
39
42
36
44
42
39
47
43
40
34
39
40
40
47
49
44
53
52
49
44
45
77
48
45
44
50
44
51
42
40
48
47
38
44
44
48
43
43
43
43
43
56
39
43
40
38
37
46
38
38
40
40
42
38
39
43
48
38
40
43
37
39
37
50
47
43
47
43
52
41
40
41
43
74
36
42
40
37
40
40
40
37
46
47
48
49
47
50
50
45
49
45
53
43
47
43
52
50
66
44
45
51
56
51
38
51
60
61
47
50
53
71
48
52
53
47
49
37
45
50
52
41
43
41
64
49
48
43
45
45
41
29
35
46
41
44
49
56
49
50
55
66
49
51
54
49
72
49
49
57
50
47
55
58
54
56
69
77
62
58
56
52
53
49
48
47
46
44
44
41
41
55
51
50
48
65
59
47
41
51
46
44
51
49
47
47
41
47
46
45
45
41
54
47
44
48
51
46
53
45
46
41
43
39
42
45
50
45
45
43
47
47
60
61
53
56
60
54
55
56
61
66
56
55
55
57
56
55
59
57
64
72
54
57
61
53
55
59
53
56
71
63
54
53
54
55
54
49
45
55
44
48
55
63
44
48
43
62
39
43
44
43
45
46
47
42
44
53
42
44
48
45
47
58
48
52
56
52
50
49
52
50
33
41
37
40
53
39
47
50
45
42
43
46
47
51
50
56
57
53
63
55
57
51
58
57
67
59
58
57
48
56
57
48
54
52
70
52
56
52
58
54
54
64
60
61
69
49
52
50
49
49
53
50
48
52
49
66
67
53
77
51
47
56
54
47
43
40
50
54
47
47
72
42
53
53
57
53
54
51
46
47
46
43
45
42
66
50
44
47
44
45
49
50
51
50
50
46
52
50
47
40
42
47
36
54
50
42
41
42
45
43
42
45
41
37
40
39
34
40
35
45
41
47
40
40
41
39
42
41
38
41
40
42
47
63
66
57
56
50
48
49
49
47
44
42
50
50
44
44
43
42
57
47
46
47
40
44
44
43
49
54
53
54
57
52
57
57
65
52
51
54
53
59
53
49
54
38
35
48
56
54
46
43
48
44
60
43
66
44
48
48
50
37
43
51
53
63
41
52
57
52
55
48
48
50
51
72
51
48
48
51
63
43
59
46
48
48
58
43
48
44
44
55
68
50
55
47
53
52
42
48
38
43
45
49
57
54
55
60
44
46
40
44
50
50
45
48
47
62
50
47
51
52
56
55
56
52
57
53
60
51
53
52
56
61
59
51
51
50
60
56
54
53
56
54
42
45
42
40
43
43
43
56
62
58
47
96
83
74
86
68
48
83
50
48
55
47
48
55
46
56
56
52
52
47
60
54
43
45
47
44
50
49
50
50
41
43
40
40
48
48
49
49
44
85
35
42
45
45
46
43
43
47
42
42
43
43
38
44
40
42
37
57
58
40
49
44
41
45
39
45
39
40
50
43
47
45
47
46
44
36
39
39
49
44
48
56
38
44
50
57
58
48
43
44
43
47
45
41
41
48
50
47
46
46
51
38
42
46
47
41
46
58
53
45
44
58
47
42
43
46
45
44
45
45
47
49
48
47
42
40
41
44
63
69
49
42
37
45
45
46
41
37
35
40
34
48
45
43
45
47
48
45
44
46
46
47
48
57
63
49
39
39
42
44
51
42
43
44
44
47
44
45
52
46
51
50
50
50
82
42
50
46
48
60
55
54
51
65
49
74
48
51
53
48
51
49
48
46
49
50
51
51
53
46
64
52
46
46
45
44
42
44
37
61
40
42
42
48
44
41
53
78
44
51
52
49
50
51
54
49
48
51
50
52
81
69
57
45
49
49
45
47
47
46
33
40
34
39
42
47
42
46
48
78
34
48
40
38
42
41
45
52
50
51
54
55
74
45
49
45
47
53
47
46
50
42
45
42
42
38
41
42
43
37
44
51
63
41
44
38
43
45
43
66
45
42
39
44
44
45
40
41
42
43
45
44
44
49
44
45
44
47
38
40
39
40
45
31
42
45
60
55
33
45
54
54
55
53
54
56
63
67
62
39
47
51
53
44
49
49
46
44
50
46
44
49
47
50
46
75
55
39
41
49
51
54
47
50
53
50
54
49
48
52
42
67
50
51
49
52
56
53
48
46
48
47
46
52
60
63
35
38
43
39
41
42
54
36
37
40
38
