44
52
45
46
52
53
57
50
54
52
44
37
38
54
36
36
56
52
51
55
50
48
51
44
44
42
31
59
46
46
45
45
43
44
44
44
46
45
44
44
48
40
38
42
43
40
44
45
44
52
35
52
42
44
55
42
39
44
44
45
45
43
49
46
42
44
42
43
44
43
42
49
43
43
42
47
40
43
46
41
41
57
42
42
46
46
40
44
41
42
47
48
45
45
48
39
41
39
46
40
48
35
47
48
49
44
49
47
45
49
36
41
39
35
35
39
39
36
40
40
55
42
46
46
47
46
43
43
44
44
43
45
37
42
59
44
42
45
44
42
46
51
41
45
43
44
47
46
45
39
45
48
36
43
56
44
45
44
71
37
47
53
50
47
49
48
47
47
47
46
44
40
45
40
43
42
64
44
50
49
50
45
34
34
34
36
41
45
40
36
37
37
37
43
41
40
60
43
42
42
46
41
44
45
45
52
42
47
42
43
44
51
49
48
43
46
56
38
43
43
41
41
48
43
42
43
42
42
43
37
35
44
43
46
44
41
41
43
41
42
45
52
46
47
52
48
42
47
43
45
49
44
43
40
38
49
44
45
41
40
39
45
44
59
34
39
51
38
41
40
38
42
42
41
42
49
35
39
43
45
42
47
50
46
49
59
44
40
42
39
41
45
47
50
48
46
46
46
44
45
51
38
46
55
45
58
31
41
42
41
42
42
51
43
41
41
39
43
45
39
43
41
40
40
41
40
42
39
40
40
42
41
42
43
68
36
43
49
50
51
49
52
45
47
46
42
43
48
46
42
43
42
37
44
45
40
74
31
43
42
42
45
52
45
44
41
40
46
36
42
48
47
44
47
43
42
38
52
45
43
40
41
38
38
42
43
44
43
45
45
47
43
47
45
41
46
41
45
45
46
59
43
46
46
44
45
57
42
47
53
49
53
57
49
60
62
59
52
55
53
53
45
52
51
48
65
46
43
41
43
47
41
41
45
42
40
40
39
40
36
42
46
42
41
41
45
39
53
42
41
41
43
46
41
43
45
54
56
59
56
53
64
47
47
46
47
46
53
54
53
59
47
41
42
67
36
41
52
50
52
48
40
39
43
41
41
42
46
52
61
61
53
46
47
52
53
49
51
52
53
53
46
48
66
52
51
47
58
55
49
49
52
52
49
50
55
64
59
48
56
51
50
50
48
55
55
66
53
46
52
53
39
43
45
44
45
40
44
40
42
41
52
53
41
37
38
41
36
38
37
39
45
41
48
53
58
51
50
69
51
54
52
56
55
67
50
51
61
58
50
60
48
50
55
60
52
54
52
55
57
51
55
58
74
49
52
54
51
48
52
50
56
52
64
56
50
49
50
51
57
50
57
65
53
51
53
63
48
50
53
47
48
62
58
45
43
40
44
43
44
45
44
42
43
39
46
53
47
41
61
64
45
43
43
39
44
48
51
52
51
50
43
52
56
56
41
42
42
44
43
52
45
51
44
52
54
49
53
48
56
49
52
39
41
37
42
43
45
52
46
50
50
45
47
43
46
46
42
44
44
40
45
56
51
48
48
47
50
41
43
41
42
37
38
40
41
37
38
43
41
40
41
36
36
37
43
46
42
45
89
49
43
47
47
43
43
40
40
45
43
48
41
47
40
43
37
38
42
42
43
43
43
38
57
48
44
40
47
46
48
46
47
41
47
46
51
45
48
48
50
41
46
50
57
55
42
42
39
44
43
41
56
44
50
47
42
45
38
46
39
36
45
41
47
56
38
52
40
45
38
38
38
33
45
45
47
45
47
44
46
49
45
43
39
45
38
37
40
44
39
40
40
39
48
51
42
38
41
43
40
37
48
37
48
42
40
44
45
56
41
49
39
37
39
39
41
38
40
51
40
37
38
38
38
41
42
56
38
41
42
38
40
43
44
46
47
47
47
53
52
52
54
44
56
54
39
41
46
49
45
46
45
43
46
42
50
46
46
53
50
67
51
48
49
55
50
53
50
55
61
60
33
44
52
47
42
43
42
50
39
42
52
36
49
47
52
44
48
50
46
42
47
42
39
46
44
51
45
46
47
43
65
41
56
45
53
54
55
59
50
50
45
58
56
50
40
39
39
43
50
49
37
41
40
43
46
42
37
44
50
48
48
61
54
46
54
53
53
53
54
49
50
65
56
46
44
48
50
50
41
42
40
43
44
55
49
55
60
47
42
44
51
44
43
47
51
47
46
47
51
45
45
47
45
52
50
35
55
53
52
52
55
57
50
46
41
47
67
45
51
37
49
46
46
52
55
49
49
65
47
50
47
60
55
45
52
50
61
54
52
50
59
48
48
47
47
41
75
41
52
50
50
50
49
48
40
47
47
48
42
76
33
44
44
47
49
55
44
56
52
59
61
64
43
50
55
57
53
42
52
58
60
67
50
54
58
40
49
42
42
49
46
51
45
48
64
43
53
59
55
58
52
50
40
52
43
45
52
57
56
49
50
52
55
61
45
52
50
47
45
47
47
50
46
64
49
54
50
54
53
46
58
42
59
38
42
48
39
46
46
57
53
54
58
53
52
52
49
47
58
57
48
55
52
51
50
51
50
55
52
72
47
67
50
63
47
53
51
52
60
42
50
51
55
50
54
50
60
49
46
49
49
52
52
48
47
45
50
53
52
51
43
55
54
52
57
51
50
47
53
46
75
42
47
51
49
56
45
50
50
53
64
44
44
50
48
49
45
47
47
46
47
56
48
47
50
47
40
36
41
37
38
42
44
44
48
47
43
43
45
52
46
66
39
41
39
41
36
36
35
39
36
38
39
39
40
35
38
36
40
36
38
40
39
41
42
42
40
53
42
40
42
42
43
41
44
42
44
52
41
43
45
43
45
42
41
40
42
40
41
52
38
39
42
57
56
53
50
55
50
44
43
42
52
42
40
39
51
56
51
46
40
39
41
41
41
57
54
47
58
57
47
50
50
50
40
38
45
46
45
39
47
55
58
58
58
49
38
42
43
42
41
42
42
40
45
41
34
35
36
38
40
39
40
40
34
42
42
42
41
58
38
31
39
42
37
34
37
37
32
39
41
45
46
44
46
40
46
41
43
54
32
43
40
37
34
33
47
46
41
39
35
43
39
37
43
41
43
46
42
45
40
43
38
39
43
38
35
45
50
49
52
74
42
45
42
44
48
38
36
36
35
40
39
44
46
43
38
42
39
37
41
58
48
61
50
50
49
50
52
52
53
37
37
39
41
38
42
36
38
38
41
40
36
38
37
43
37
38
40
43
42
41
40
36
37
36
41
41
60
36
43
49
46
45
37
48
50
50
50
41
39
40
36
46
38
43
46
58
47
52
54
59
52
48
56
58
47
60
50
47
50
49
49
47
50
50
47
48
50
48
63
46
47
51
50
51
44
45
51
49
49
50
53
48
62
45
48
50
46
47
52
47
47
52
60
46
47
66
42
48
49
50
47
47
47
50
57
57
54
60
55
54
48
40
46
52
49
49
53
43
51
77
43
48
47
40
42
49
49
48
45
44
48
50
40
40
56
35
48
45
44
44
40
46
43
49
42
48
43
40
50
52
45
43
46
46
71
36
46
47
47
48
50
43
52
59
55
47
57
53
43
62
36
36
41
43
50
39
47
52
55
53
51
50
52
53
72
42
47
46
45
47
41
44
36
50
43
46
45
65
45
51
49
51
51
50
47
46
47
45
44
46
53
53
47
47
48
46
44
48
47
56
46
53
70
44
48
50
50
47
52
54
48
46
46
45
67
34
40
43
44
42
44
39
42
43
55
46
55
50
43
43
44
63
33
44
52
53
50
42
45
49
42
41
41
47
54
50
65
31
42
46
47
50
52
47
50
46
44
45
48
59
54
41
45
51
50
45
47
58
49
56
52
74
47
50
50
54
47
44
43
47
41
42
46
40
60
43
42
45
41
43
42
43
42
45
42
46
43
56
44
47
50
61
48
47
47
50
52
45
42
41
55
53
51
54
68
55
52
57
51
51
44
46
53
50
57
63
39
37
43
45
42
51
41
44
50
54
49
43
58
38
47
50
47
46
50
52
61
47
52
46
44
46
50
48
53
67
42
