50
47
42
43
57
52
67
50
53
50
48
40
54
46
32
32
61
50
50
55
50
50
50
46
46
41
34
66
42
46
46
44
43
45
43
46
42
45
43
48
43
43
32
43
42
40
45
42
50
43
41
44
41
44
59
40
42
50
42
45
43
43
50
44
46
44
44
42
40
43
42
47
44
43
41
43
44
42
44
43
45
45
53
41
45
44
43
44
42
42
47
46
44
46
48
42
41
40
45
39
42
40
40
45
44
46
47
46
47
65
29
40
42
35
34
37
41
40
42
43
42
46
45
50
50
43
43
47
45
44
45
43
40
41
46
56
40
44
42
41
47
45
46
43
46
43
44
47
44
41
41
42
42
40
44
47
47
46
45
56
44
60
55
49
47
46
50
46
49
52
41
45
43
43
41
40
42
64
42
49
50
48
47
35
35
31
36
40
42
41
36
36
38
39
40
48
39
44
60
41
40
43
42
48
45
43
42
49
43
42
45
42
57
44
54
47
43
47
40
43
42
41
44
47
45
42
42
42
42
40
38
36
39
45
47
44
44
38
42
43
42
42
66
35
51
50
49
42
44
45
44
49
42
43
42
37
43
41
45
44
33
39
58
39
56
35
40
39
43
44
39
38
46
41
41
42
40
41
42
46
40
41
46
51
52
46
50
59
38
43
38
41
42
47
50
49
47
45
43
55
34
43
47
51
44
47
57
37
40
43
41
41
53
42
41
40
45
42
43
42
38
40
38
42
41
40
42
42
40
40
41
45
34
45
45
43
56
43
46
50
49
50
61
47
51
44
47
41
49
43
44
43
44
38
38
44
40
46
53
41
38
41
41
52
56
47
44
40
40
40
46
43
44
48
50
44
43
44
40
40
49
42
42
39
40
40
43
38
43
44
42
41
46
45
43
44
45
40
44
38
48
41
69
34
46
45
46
49
40
47
50
47
52
53
50
79
50
64
48
55
56
52
52
52
47
50
51
57
56
43
44
46
41
42
42
52
39
40
45
41
43
40
41
39
41
44
42
62
30
40
39
44
37
42
42
52
36
41
46
51
52
52
59
52
68
41
59
40
41
42
54
58
50
59
40
41
41
57
37
40
61
48
52
40
43
37
43
35
38
39
46
63
40
42
49
50
49
52
51
57
58
46
52
46
47
47
48
52
48
51
48
59
54
49
54
47
59
58
52
51
56
52
48
60
54
50
54
60
48
50
50
51
47
56
43
42
45
42
40
45
40
43
44
45
41
39
41
39
39
36
45
42
39
40
46
47
55
66
48
52
58
55
52
59
41
65
58
48
50
51
52
53
53
48
54
63
51
54
50
58
50
56
57
55
69
49
56
53
49
47
50
52
54
66
48
55
48
51
46
55
53
55
55
59
50
58
52
46
53
48
47
49
56
56
42
46
41
47
39
48
39
45
41
39
47
56
55
41
47
46
45
48
38
45
46
56
50
64
38
46
49
41
48
40
36
43
47
52
44
49
42
64
46
46
44
44
46
40
40
41
43
49
46
46
48
48
49
48
44
57
38
47
41
44
41
42
44
39
42
46
46
51
45
45
44
43
40
37
37
40
50
39
46
37
40
44
36
38
35
40
48
43
45
45
42
43
48
49
35
42
40
48
40
67
41
43
44
40
39
40
42
38
48
39
41
42
38
44
40
41
45
47
49
43
53
51
46
45
45
51
46
46
42
47
48
45
45
45
43
41
43
42
61
40
45
47
45
42
43
40
50
41
38
45
45
45
41
38
42
46
35
40
35
39
42
57
41
47
42
49
45
46
42
40
46
36
37
41
42
41
40
38
37
44
44
41
40
42
42
41
46
41
38
40
41
43
45
47
42
56
40
40
37
43
34
40
37
37
37
37
39
37
38
46
39
37
39
40
57
35
42
51
42
50
47
51
53
45
42
43
49
43
46
51
45
46
49
59
42
55
41
42
43
48
50
52
48
57
65
58
57
49
50
53
53
53
69
36
49
42
51
52
44
44
47
42
48
42
44
52
36
57
36
51
46
45
46
45
46
42
47
41
41
45
46
48
46
52
47
43
52
49
47
48
47
50
58
57
51
63
42
56
48
51
44
38
38
45
45
50
42
39
40
39
44
47
37
41
46
46
62
43
47
52
49
55
48
52
55
50
51
48
62
51
49
47
50
48
48
44
43
43
43
45
49
45
43
65
40
43
46
48
44
44
47
47
52
49
46
45
52
48
43
48
52
43
41
41
47
53
51
51
53
58
54
52
43
45
54
47
50
50
43
46
47
47
57
46
53
48
47
53
50
50
46
48
56
54
51
52
51
50
59
55
51
56
50
45
53
50
44
50
54
50
54
51
52
48
50
46
49
46
48
46
45
48
40
41
46
46
50
50
52
54
57
65
53
55
54
47
53
55
59
52
40
64
52
57
59
52
57
48
58
45
46
43
42
51
53
45
44
59
44
49
51
59
57
55
57
47
45
48
47
43
52
52
56
54
55
43
61
53
53
46
52
48
49
47
47
50
50
51
50
53
52
62
52
43
49
58
52
49
48
54
48
56
39
44
45
58
50
56
58
53
50
51
53
45
50
61
51
49
51
53
48
56
50
53
53
66
50
52
51
52
57
52
52
53
51
55
49
48
47
53
57
53
48
51
48
57
44
47
53
47
56
51
46
49
49
52
57
58
43
46
50
53
51
54
52
44
50
64
49
52
48
56
50
52
56
43
50
64
46
50
51
50
48
46
50
43
50
50
55
48
47
48
48
41
38
33
39
36
38
35
40
58
42
46
47
46
53
46
49
48
45
47
41
42
39
38
35
38
38
40
39
38
40
38
36
40
39
41
33
36
47
41
61
35
41
42
43
40
45
40
42
44
41
42
42
43
45
40
45
44
46
46
48
59
37
43
39
40
40
42
40
56
55
55
56
52
51
42
73
32
39
38
40
42
76
50
43
42
43
42
43
40
47
56
50
60
52
51
50
50
51
48
44
35
41
38
42
40
47
55
66
47
50
65
40
39
44
42
42
44
42
44
43
40
34
38
34
37
40
59
30
35
38
39
43
43
41
44
33
34
41
39
42
33
33
37
36
37
41
42
48
40
46
47
41
42
52
48
41
45
37
34
37
34
56
36
40
40
38
39
36
40
38
44
45
43
46
39
44
41
41
40
61
29
37
46
47
53
51
47
52
47
41
47
44
37
37
35
36
36
42
45
47
53
36
38
38
37
45
47
48
47
50
48
49
53
57
48
43
36
38
49
45
40
40
35
39
38
34
40
39
36
41
38
41
38
40
43
42
40
38
36
38
39
40
42
41
40
48
63
39
41
40
48
49
58
38
34
39
36
37
38
42
46
46
59
51
61
55
55
48
56
49
51
47
50
57
51
47
49
49
47
48
52
47
47
53
46
49
70
45
46
47
45
46
50
48
51
53
47
48
50
59
49
47
48
51
47
46
53
56
45
48
48
48
50
49
70
46
49
47
49
53
56
55
57
50
54
61
44
43
56
47
49
56
45
52
54
49
49
68
35
48
47
47
47
44
49
44
47
40
43
38
41
47
49
44
40
61
38
39
41
48
41
43
39
46
50
46
48
46
47
43
44
47
50
63
43
42
49
51
51
43
48
62
42
43
48
36
43
39
64
37
46
52
56
56
52
51
56
51
53
55
58
41
46
46
43
47
41
44
48
43
43
51
49
73
49
46
50
49
47
45
49
48
43
42
47
45
68
41
47
47
44
48
49
41
50
54
51
48
70
50
47
50
51
52
47
47
47
46
43
45
41
43
61
37
43
45
38
46
43
42
53
59
44
44
47
47
45
39
70
47
52
41
49
47
44
39
38
50
54
49
40
42
42
45
61
48
53
43
50
49
45
47
47
51
50
73
35
50
48
47
47
54
50
46
55
51
53
57
47
44
50
44
44
45
41
43
54
43
39
46
63
34
44
43
39
53
41
43
42
43
42
54
45
48
46
46
49
63
43
51
55
47
43
38
53
53
54
51
55
72
51
52
54
49
48
43
51
52
50
63
41
41
41
45
40
46
49
51
47
51
49
53
42
71
34
50
47
46
48
49
52
56
51
52
70
37
43
49
48
52
49
49
56
