59
44
52
41
63
50
57
52
55
51
45
41
61
31
31
47
51
53
54
53
51
47
47
53
34
32
50
54
47
42
48
44
43
45
46
43
45
48
48
43
43
26
46
40
42
42
41
41
40
42
43
44
43
50
55
39
42
43
44
46
44
46
44
45
44
48
40
44
41
45
46
47
43
41
44
41
43
44
46
42
43
57
48
45
44
46
42
42
41
47
47
45
47
48
45
41
43
41
42
57
39
43
43
45
49
43
59
48
63
29
43
42
36
33
38
42
40
38
48
43
45
46
48
44
44
44
45
43
44
47
44
40
38
46
53
40
45
44
42
43
48
47
47
45
47
42
47
47
43
41
51
37
40
44
43
50
47
44
87
35
46
55
50
48
43
50
50
48
45
44
45
44
41
42
41
39
69
42
49
50
51
44
30
36
33
37
41
43
43
34
36
40
38
44
41
39
65
44
42
40
45
52
44
43
44
45
46
46
44
44
54
49
48
52
47
47
45
67
37
42
45
43
42
48
45
40
42
46
48
38
36
38
42
49
44
45
43
43
42
42
45
46
67
35
48
51
48
45
44
49
49
46
50
42
42
44
38
42
43
48
39
44
42
48
55
38
39
41
42
43
44
40
39
42
41
41
43
44
39
39
41
42
42
41
49
50
48
48
62
40
41
40
41
56
40
50
47
40
48
48
40
42
42
46
47
48
55
40
57
35
47
47
43
43
41
42
41
45
42
43
43
42
38
41
40
40
42
40
40
41
40
41
44
35
41
47
42
53
45
44
48
51
50
50
51
47
47
47
41
42
51
45
43
41
41
41
42
42
43
64
32
41
42
52
44
51
49
44
41
39
45
42
43
44
47
48
50
45
41
41
40
63
33
41
39
43
40
42
38
46
48
41
41
46
45
46
49
42
42
42
43
41
45
66
33
45
48
46
48
44
45
45
51
50
70
45
54
52
70
45
56
56
54
53
51
48
50
52
64
52
45
43
45
38
43
43
44
41
46
44
39
41
42
37
42
43
45
44
57
36
41
39
42
39
43
41
44
46
41
50
48
54
48
57
59
85
40
50
44
47
44
49
57
48
60
49
39
41
65
38
41
50
51
52
50
41
40
42
40
42
42
54
47
53
63
40
46
53
47
50
52
48
66
47
50
49
49
47
48
52
50
50
52
46
67
43
58
53
51
55
52
55
51
57
52
54
65
50
50
56
54
49
50
56
45
42
46
40
64
37
51
37
44
39
47
40
40
46
33
39
38
39
37
37
41
42
45
48
58
55
65
48
54
53
52
64
53
51
57
62
55
47
52
49
45
50
57
46
77
41
53
55
54
55
57
56
61
54
70
47
50
52
50
48
51
54
55
55
77
48
52
55
52
56
56
51
52
66
55
56
51
50
54
46
55
57
47
61
48
47
44
44
42
47
46
38
44
43
42
48
50
42
52
56
47
46
43
49
40
42
58
59
44
60
46
40
47
46
43
46
42
41
46
50
47
46
42
55
62
38
42
46
44
40
43
51
38
40
43
46
46
50
48
47
47
43
45
64
39
42
41
41
41
42
44
42
46
48
48
50
42
43
40
46
38
41
41
40
39
41
41
56
40
37
44
38
37
40
47
43
46
45
41
43
46
50
46
52
39
40
41
45
48
64
37
43
42
41
37
41
42
44
39
42
42
39
41
41
42
44
46
47
48
47
41
61
42
48
43
49
49
45
41
50
50
46
48
44
42
40
46
42
50
50
44
52
45
41
57
40
46
41
42
47
40
47
47
41
37
46
38
39
40
37
33
46
65
38
47
44
46
48
42
47
42
39
43
33
36
42
41
41
42
40
37
44
47
43
40
41
44
40
47
55
38
40
41
45
42
47
57
48
45
39
39
40
38
39
40
39
40
36
36
39
37
40
42
42
40
37
41
40
41
48
43
46
48
47
47
47
53
54
56
49
46
48
49
44
64
37
44
48
53
44
45
44
46
40
46
49
51
66
53
66
50
53
52
53
49
53
53
58
45
46
43
51
53
45
51
46
44
47
45
45
45
40
43
52
44
53
47
44
49
47
43
46
44
41
39
49
48
47
47
48
45
65
40
47
49
45
50
55
65
59
51
50
48
59
46
51
41
38
38
40
52
51
38
40
42
44
41
42
41
42
50
47
70
36
51
56
47
53
54
52
54
48
51
70
43
52
43
52
52
49
43
44
38
43
46
46
47
50
62
52
40
44
42
46
45
46
45
50
47
46
48
46
49
46
44
66
39
44
43
45
56
50
52
55
55
56
49
41
67
39
50
50
48
43
53
43
46
57
51
51
51
52
50
50
49
49
52
58
66
55
44
52
54
51
53
54
51
51
58
43
42
52
56
49
52
50
48
52
49
55
44
46
50
43
48
47
33
43
44
47
49
52
53
53
52
64
57
56
65
40
53
51
59
55
42
49
56
57
75
58
53
52
49
46
57
37
44
56
43
47
53
41
47
61
54
56
57
57
60
46
46
50
45
50
51
48
58
49
63
50
55
57
52
48
56
47
45
48
49
50
51
71
43
54
53
52
49
41
57
53
56
62
40
42
62
35
46
43
54
53
54
56
53
52
68
44
45
58
50
47
54
50
50
51
50
53
58
65
50
51
55
50
64
46
54
53
50
60
48
49
48
55
52
51
52
48
48
61
45
55
50
49
53
49
48
42
60
47
64
46
42
48
55
50
54
55
50
48
63
45
52
52
52
52
50
53
45
51
61
48
50
50
49
49
51
46
46
47
46
50
62
40
49
52
47
45
37
38
37
48
42
38
44
42
49
44
47
40
47
51
47
50
45
47
39
48
42
33
36
42
37
40
41
39
37
40
34
40
38
40
35
40
39
43
61
33
39
42
41
40
44
45
42
41
43
42
43
44
48
40
44
49
50
45
44
46
46
50
42
38
42
41
42
41
50
52
55
59
55
47
49
44
52
46
42
38
31
41
62
52
47
42
42
43
45
41
43
56
50
58
50
55
47
50
93
79
69
86
67
43
42
45
52
61
68
46
47
53
41
42
42
44
44
41
43
41
41
41
34
36
37
38
57
40
33
36
39
44
42
42
42
42
35
35
40
40
36
34
36
38
33
38
43
45
44
42
46
40
43
42
64
34
40
46
38
43
35
35
44
39
39
42
37
38
39
39
40
42
45
43
44
40
42
49
39
40
44
43
35
49
46
49
53
56
46
48
44
44
43
45
37
35
35
41
39
41
48
60
32
40
39
36
40
50
48
47
51
59
47
51
49
51
40
38
36
42
50
37
42
36
37
39
37
38
38
40
35
38
40
40
37
43
42
43
38
36
38
40
39
42
44
43
38
71
36
46
40
46
50
51
48
43
42
36
38
37
37
45
47
58
58
48
59
47
50
51
52
54
49
51
66
44
49
48
49
50
52
49
49
50
47
49
54
47
63
48
46
47
50
46
50
53
47
52
50
52
45
70
42
50
50
47
46
49
50
48
63
56
50
57
47
50
73
38
51
45
54
54
58
56
53
54
56
70
35
45
54
50
50
52
45
48
54
47
60
42
42
43
52
46
44
46
45
48
48
41
41
38
41
50
45
43
41
62
36
45
43
44
45
45
43
54
43
42
47
47
50
43
43
45
51
45
66
44
44
50
50
50
49
52
50
46
41
41
36
47
41
64
37
48
57
52
55
52
51
53
56
51
50
64
41
46
49
44
42
43
42
44
45
47
62
52
76
41
52
47
50
47
46
45
44
46
42
46
48
67
40
49
47
44
49
49
40
54
56
53
48
69
46
49
48
50
56
47
44
47
47
43
43
43
63
34
43
44
40
42
46
43
47
59
52
45
46
41
41
40
43
70
46
47
42
47
47
42
42
37
54
53
48
40
41
39
69
42
51
51
53
47
52
44
50
51
50
53
62
38
49
48
41
51
55
55
49
53
51
54
62
46
44
51
47
51
44
43
45
46
42
38
46
63
37
42
43
41
44
42
44
43
43
47
52
45
50
49
55
43
70
39
50
50
44
41
40
54
56
51
49
68
54
56
53
53
53
45
45
55
45
68
40
40
39
53
42
47
49
47
46
51
55
48
43
54
43
45
49
47
