50
54
61
54
60
55
55
51
59
50
43
42
44
34
54
42
54
48
58
48
52
49
45
51
31
37
45
48
45
67
44
44
45
43
43
46
46
47
45
44
35
41
43
56
33
41
50
34
46
41
47
52
38
43
43
44
46
51
48
43
46
45
44
44
44
44
42
50
42
42
45
42
47
40
45
45
40
44
43
48
42
45
43
46
54
42
45
45
52
39
44
38
42
44
54
38
43
42
46
47
55
46
48
35
35
42
37
40
35
35
59
33
43
43
43
43
46
53
42
47
44
45
44
46
43
45
38
41
42
42
45
45
42
43
57
42
46
45
47
48
41
50
43
43
43
43
39
40
47
44
50
45
57
45
51
49
75
41
48
47
47
49
51
45
46
42
42
43
42
38
41
53
51
71
43
50
43
33
33
32
42
40
42
39
38
36
39
42
42
43
41
49
43
44
40
51
47
47
54
41
45
44
44
46
50
41
53
51
50
46
46
46
44
41
46
42
42
44
59
52
42
44
44
41
41
35
38
42
45
45
45
43
40
41
42
41
45
43
43
47
50
53
51
49
49
53
46
47
40
43
39
43
35
50
36
41
37
41
43
42
40
43
36
52
35
44
37
42
70
35
47
40
37
40
41
43
46
49
51
41
50
44
38
47
38
38
47
41
52
65
46
45
45
44
44
47
43
52
48
47
35
39
43
44
57
36
45
43
44
49
40
40
47
40
40
44
38
41
44
44
39
43
44
60
35
42
44
44
45
48
41
47
54
51
51
47
51
46
47
42
41
49
43
53
48
40
37
42
44
45
38
40
45
47
47
57
43
48
39
39
44
42
45
48
50
47
47
47
49
47
40
43
41
42
39
41
40
38
44
47
43
42
44
45
46
44
47
41
42
42
53
47
55
50
36
46
51
43
42
45
45
54
51
54
56
60
54
60
53
62
57
55
52
48
47
54
48
51
57
56
48
52
40
45
40
43
40
44
41
39
42
39
37
39
46
41
42
41
42
40
39
41
42
42
47
52
46
40
47
51
55
48
61
55
53
48
54
64
50
43
47
51
55
59
49
42
40
44
47
52
45
64
44
53
43
42
40
40
42
46
43
46
57
48
52
53
55
49
50
51
56
52
53
49
50
48
50
47
65
46
52
52
47
47
53
50
49
56
61
48
44
63
55
58
53
58
46
53
57
54
50
50
53
51
45
51
46
50
46
41
42
44
43
39
45
42
41
39
40
39
40
37
40
39
42
41
46
57
53
57
54
61
58
58
57
56
57
53
52
61
57
56
52
51
55
60
52
52
59
56
62
56
56
65
60
50
58
56
57
56
53
52
52
51
55
61
57
51
59
55
55
49
46
53
60
53
55
61
51
58
50
52
56
47
51
50
47
52
53
54
54
52
45
44
41
45
44
40
45
44
41
49
50
47
53
52
50
52
52
46
43
43
50
51
54
51
51
44
44
49
58
46
41
42
45
41
49
49
47
45
53
53
46
45
47
46
49
47
48
43
40
47
50
45
51
48
48
49
45
44
46
45
45
42
43
40
44
42
46
55
57
50
44
49
46
39
40
41
37
39
39
41
39
40
46
40
39
40
36
36
38
48
42
52
60
41
49
52
55
52
51
36
40
45
59
44
46
46
41
44
42
38
43
40
46
41
43
40
42
42
40
43
55
50
57
44
46
46
49
40
49
47
45
50
48
47
47
45
47
51
49
52
48
44
42
47
44
43
51
49
47
46
38
37
43
42
51
43
47
46
42
40
44
47
46
45
43
40
41
42
46
50
48
52
47
46
47
48
39
43
39
43
38
42
45
42
39
39
40
45
46
42
40
42
56
37
42
40
37
39
42
40
44
47
45
48
47
39
39
44
42
35
38
41
42
38
37
40
39
37
40
38
43
38
39
50
47
36
45
47
46
44
50
47
52
53
51
47
48
47
64
37
43
47
43
50
47
46
49
44
45
41
51
48
50
52
61
65
46
53
67
46
51
52
52
64
40
43
46
48
52
49
44
44
45
44
43
42
51
35
57
38
48
47
48
49
47
47
42
51
42
37
43
50
49
45
47
50
44
57
45
47
48
52
48
59
59
51
52
49
58
52
50
47
38
40
38
41
56
45
40
40
38
43
45
42
36
47
48
60
45
50
49
53
55
51
52
53
49
52
54
67
44
50
45
49
47
50
47
43
42
43
46
44
49
50
60
43
44
41
44
43
52
45
47
51
47
44
48
48
47
49
43
60
38
43
42
44
55
53
53
55
55
58
54
41
67
34
50
51
48
47
45
44
47
54
53
50
47
51
49
52
46
46
61
46
48
47
54
56
51
50
63
53
51
65
38
45
53
55
47
53
49
51
51
44
53
38
49
45
49
43
42
44
62
40
55
50
50
56
55
60
51
56
44
55
59
53
52
42
52
66
59
52
53
44
46
43
42
52
62
44
48
47
45
45
45
50
52
58
52
62
48
42
47
47
46
45
57
62
48
49
57
57
56
40
51
46
63
43
46
49
51
46
57
43
57
50
63
41
51
42
45
51
41
50
46
51
48
55
55
57
52
56
50
48
53
45
65
51
46
52
54
50
50
54
52
53
61
52
55
63
54
47
52
59
48
51
49
53
45
53
54
48
53
44
64
42
44
55
50
48
43
51
62
50
52
52
46
47
51
52
53
53
50
49
60
47
57
48
55
48
55
50
47
48
66
43
43
56
47
48
45
45
46
46
50
60
42
47
52
48
44
43
33
35
41
40
35
40
46
43
46
55
45
42
53
48
50
47
47
39
41
43
34
35
38
35
39
35
40
39
38
36
42
36
36
38
37
42
42
59
37
39
40
44
40
41
44
39
44
43
41
44
43
36
44
45
45
47
36
44
47
52
37
38
43
40
39
50
50
59
51
55
46
50
46
55
44
39
39
42
48
57
48
43
42
43
42
43
52
57
50
53
56
52
48
55
50
48
40
36
41
45
40
42
53
55
56
54
53
42
44
48
44
45
43
40
43
40
43
35
31
38
38
41
39
36
37
40
41
39
44
44
50
36
34
43
35
34
37
33
41
34
39
46
43
42
48
38
44
42
42
44
40
41
40
38
34
35
48
48
37
51
36
38
43
37
43
45
44
45
41
40
44
40
39
42
38
35
50
46
52
52
55
49
45
40
45
47
35
46
33
36
38
45
45
47
38
38
41
37
36
45
51
50
62
41
52
46
52
52
46
46
42
39
39
38
39
40
37
38
37
38
39
48
38
37
38
40
41
39
45
41
40
39
35
42
36
43
41
42
37
53
47
46
43
41
46
60
48
47
37
38
37
39
38
39
48
45
49
46
52
59
48
58
64
50
51
52
48
53
48
49
48
52
65
41
50
49
50
49
49
50
52
50
48
52
53
54
41
48
52
50
49
48
50
48
45
49
49
60
52
40
44
48
50
47
49
47
49
48
50
49
52
48
66
55
56
54
55
52
58
54
47
43
65
43
52
51
47
46
52
55
48
48
44
43
60
43
48
44
44
45
46
47
41
40
41
44
48
60
38
47
40
46
41
41
58
43
39
43
50
48
44
50
43
50
52
44
45
48
48
46
53
43
64
62
49
47
51
55
46
42
41
35
43
46
44
42
46
52
54
73
45
53
49
56
52
46
51
48
47
62
36
46
41
41
45
45
44
46
53
51
49
51
53
64
47
56
45
45
47
43
45
43
50
52
47
48
61
42
48
46
43
56
53
50
51
51
50
50
68
44
53
47
47
46
46
44
42
43
42
43
43
45
39
42
44
62
44
60
45
43
44
45
42
40
47
56
59
50
60
39
43
42
42
42
53
54
40
39
40
44
45
50
50
66
44
44
49
46
48
51
53
46
44
50
50
65
37
56
53
52
49
65
50
54
52
58
45
47
40
46
44
45
45
45
41
40
48
48
43
45
59
38
41
50
43
40
46
47
50
47
50
44
50
47
47
67
39
45
50
38
46
57
49
51
57
53
57
66
50
53
45
36
50
51
52
47
45
40
41
43
61
39
51
42
45
52
52
62
44
46
58
37
50
46
47
46
53
58
50
57
45
47
47
53
49
57
44
50
50
57
48
47
52
54
52
48
