57
48
64
58
60
65
51
46
47
52
43
45
48
50
55
34
33
33
33
36
31
54
28
31
44
41
45
47
44
49
44
45
48
45
45
44
42
45
44
47
44
47
65
35
46
46
50
50
42
48
56
46
48
43
47
40
39
44
44
52
39
45
42
59
36
47
45
48
41
47
46
45
31
30
31
54
44
52
59
45
49
55
53
51
42
48
43
47
45
42
52
40
42
46
42
56
52
54
57
62
43
46
42
41
44
45
41
47
43
43
45
56
40
49
43
45
43
46
47
49
50
52
47
44
45
45
46
42
43
50
46
42
43
45
40
46
42
42
49
40
42
43
46
45
44
43
47
45
56
56
55
36
54
46
39
32
44
41
43
60
41
49
47
47
47
51
47
58
38
49
52
48
47
47
46
44
43
45
47
43
49
42
60
39
47
40
49
48
50
48
49
48
52
48
50
53
60
53
48
49
51
48
58
48
54
57
54
52
49
57
54
53
55
51
53
65
35
41
61
53
49
48
45
54
49
51
42
47
48
48
57
64
48
51
54
42
50
53
53
52
50
51
44
68
49
52
51
46
50
47
51
54
44
57
59
48
59
53
53
54
43
47
51
47
67
37
49
50
48
59
38
50
56
42
58
37
51
55
54
50
44
44
46
41
44
56
54
42
55
50
67
42
50
52
48
48
47
46
44
43
45
48
51
50
68
43
49
50
45
47
55
42
48
45
42
47
49
50
42
43
42
47
44
62
50
44
44
49
42
53
45
47
43
41
48
49
50
51
51
52
58
49
58
50
50
47
42
49
50
40
41
44
40
54
47
43
49
50
53
50
50
66
48
45
45
43
40
52
48
50
47
47
47
49
47
43
46
69
51
46
41
48
51
47
51
44
45
52
47
52
49
49
46
56
45
49
53
55
50
48
50
47
51
51
46
43
42
46
45
63
41
44
43
49
44
42
45
48
50
46
48
47
48
46
52
55
44
65
31
38
40
37
47
33
41
37
42
46
53
58
41
46
41
51
37
36
37
42
50
41
41
46
47
54
50
55
53
46
57
47
58
50
70
40
52
46
46
49
43
46
47
44
46
45
41
46
45
43
42
47
47
64
57
52
50
43
45
56
51
46
40
46
45
46
51
44
53
67
58
69
49
57
57
48
55
53
50
44
47
46
79
40
48
45
47
46
44
51
45
48
48
46
46
43
46
41
44
50
41
45
45
57
45
43
47
45
48
42
45
43
47
47
44
45
45
44
44
42
50
43
44
47
49
56
40
59
38
46
48
41
45
40
45
39
40
47
44
42
43
50
52
48
45
50
40
48
46
48
51
45
48
48
44
48
45
51
44
49
53
50
54
50
60
48
56
51
49
55
50
51
54
51
46
65
45
54
49
47
50
47
50
44
44
50
45
50
43
51
51
59
51
46
52
49
49
50
51
51
48
47
50
61
48
50
43
47
48
41
41
45
44
47
50
50
43
47
52
56
53
59
43
56
45
53
39
43
50
48
50
50
43
47
55
48
52
55
50
54
57
49
52
52
48
51
49
50
58
58
68
51
52
56
63
50
58
50
61
53
52
62
53
57
49
56
62
63
60
50
54
53
54
59
51
60
53
55
55
45
47
53
45
51
59
51
47
50
58
43
51
49
51
54
55
47
48
55
51
52
53
52
62
58
46
57
50
45
53
52
48
52
59
43
42
46
56
46
49
50
52
57
52
51
50
40
53
51
52
51
45
44
43
64
38
45
53
42
47
47
52
52
45
44
48
47
47
46
55
52
40
51
44
42
51
52
50
47
50
43
61
39
45
42
47
46
50
58
44
51
53
50
56
55
55
58
57
60
56
53
54
60
58
54
44
50
44
50
49
51
49
45
49
54
54
55
63
57
52
51
62
54
44
47
62
46
50
50
48
49
59
48
49
50
55
57
51
54
53
49
54
49
63
40
60
63
53
54
58
53
59
48
60
48
58
52
61
60
45
57
51
60
48
54
57
54
61
55
45
53
55
51
55
53
52
49
51
44
51
43
44
49
40
45
53
52
50
49
63
40
63
46
57
49
47
62
52
52
56
65
45
61
55
55
57
53
44
39
54
61
45
49
43
47
55
63
51
66
40
49
48
71
29
41
39
47
52
47
44
51
52
46
48
56
55
36
50
48
45
46
44
60
49
53
59
60
57
50
61
44
52
52
51
49
52
65
52
57
52
52
52
53
60
55
57
46
42
62
41
54
47
50
53
49
49
49
50
59
42
49
37
47
50
47
54
48
50
46
53
47
51
47
40
49
49
52
50
53
56
49
46
49
48
54
51
54
58
50
45
41
45
61
48
48
42
42
50
47
51
53
44
51
44
54
36
33
51
47
49
47
45
49
50
50
47
50
52
51
54
61
50
54
54
58
55
57
55
58
53
70
45
53
56
52
56
49
54
50
49
49
58
47
58
49
45
46
48
50
50
45
46
50
46
46
47
50
46
47
44
42
31
30
32
33
50
56
57
56
58
62
57
46
47
46
61
47
44
53
53
52
47
43
48
44
52
46
41
47
38
48
44
58
40
55
40
44
46
50
47
44
44
50
50
53
43
42
62
38
50
40
41
45
47
37
45
47
48
44
47
43
42
42
46
58
38
47
45
42
43
43
44
56
54
50
45
47
40
45
56
39
47
49
49
45
44
51
45
47
47
51
51
43
49
46
43
59
37
44
46
51
45
53
48
53
50
50
51
46
49
52
69
30
37
41
43
47
54
51
45
53
53
47
51
49
49
62
40
50
43
43
50
62
54
58
58
56
51
60
52
55
54
48
50
45
47
45
55
56
49
56
57
43
50
48
50
54
55
43
46
55
45
48
47
47
52
74
43
48
49
48
50
52
47
51
57
50
48
55
49
49
52
50
50
64
50
52
48
49
64
42
47
47
48
47
50
57
43
42
45
50
52
51
61
41
52
48
46
47
44
53
51
50
48
58
55
53
62
60
54
43
45
50
50
50
48
48
56
39
48
51
47
44
46
59
41
43
46
46
43
36
46
47
44
45
48
44
50
42
43
42
39
60
54
52
47
41
42
46
40
41
45
45
43
43
45
48
42
42
69
60
37
44
44
40
43
41
39
39
52
44
49
47
47
62
46
50
46
53
52
41
44
51
49
45
51
48
43
45
47
49
55
50
54
57
63
48
50
44
44
46
48
48
49
50
51
50
54
45
42
54
42
48
44
45
48
54
45
46
48
46
46
40
44
51
59
42
45
50
61
36
44
46
47
42
40
55
51
48
56
46
55
42
52
50
66
43
50
42
36
46
47
41
42
41
48
45
45
49
63
55
55
56
51
42
48
41
55
61
59
53
38
40
46
54
34
41
39
36
46
54
43
41
52
54
54
48
45
49
43
49
44
40
46
51
65
41
44
40
60
43
35
36
44
42
44
48
47
52
50
55
52
51
66
39
44
46
46
48
52
47
48
49
50
58
57
45
46
47
67
43
49
50
50
58
45
40
46
49
44
47
42
40
47
50
44
50
60
41
47
49
45
50
39
40
42
43
42
43
42
49
43
44
45
44
42
46
40
44
44
56
42
41
55
42
48
43
45
43
47
42
44
42
52
40
42
44
44
44
50
45
58
42
47
46
43
45
47
50
47
40
46
44
44
49
46
52
49
44
43
44
52
44
45
42
40
42
46
46
50
51
52
47
56
48
51
44
53
44
51
48
48
48
49
52
56
51
53
53
53
53
53
58
55
52
49
63
58
53
54
56
56
57
50
61
49
59
59
53
56
59
55
50
53
54
58
60
62
53
53
59
60
53
61
58
54
54
55
50
58
48
60
48
50
50
54
49
49
55
53
53
54
47
40
55
53
66
44
54
51
55
53
49
48
43
38
36
43
42
38
44
60
38
37
31
42
44
39
52
43
46
42
39
46
43
39
40
52
48
53
45
49
48
67
44
53
46
52
51
54
50
53
53
55
63
47
57
54
52
56
56
57
57
55
64
53
55
52
55
50
46
57
48
48
45
61
41
43
40
43
42
41
44
47
56
50
55
57
45
56
51
53
52
52
52
45
56
44
45
54
42
47
45
49
55
48
47
45
50
50
43
50
52
